,ticker,open,high,low,close,volume,timestamp
0,APG,10.13,10.73,9.7958,10.4,2571690.0,2020-04-29
1,APG,10.49,10.49,9.88,10.1,692984.0,2020-04-30
2,APG,10.1,10.2495,9.85,9.9,655171.0,2020-05-01
3,APG,9.75,9.97,9.55,9.75,341078.0,2020-05-04
4,APG,9.84,10.13,9.7563,9.9,603010.0,2020-05-05
5,APG,9.98,9.98,9.72,9.82,276021.0,2020-05-06
6,APG,9.95,9.97,9.77,9.84,616990.0,2020-05-07
7,APG,9.9,9.9,9.62,9.7,480141.0,2020-05-08
8,APG,9.7,9.88,9.26,9.65,851596.0,2020-05-11
9,APG,9.64,9.77,9.43,9.68,951166.0,2020-05-12
10,APG,9.8,9.8,9.08,9.09,569261.0,2020-05-13
11,APG,9.0,9.59,8.84,9.45,1337456.0,2020-05-14
12,APG,9.21,9.5,9.21,9.35,761138.0,2020-05-15
13,APG,9.63,9.94,9.55,9.83,1131198.0,2020-05-18
14,APG,9.85,10.09,9.71,10.0,908597.0,2020-05-19
15,APG,10.17,10.3,10.12,10.2,778753.0,2020-05-20
16,APG,10.31,10.31,10.125,10.26,827526.0,2020-05-21
17,APG,10.25,10.71,10.25,10.65,718509.0,2020-05-22
18,APG,10.9,11.36,10.58,10.86,932034.0,2020-05-26
19,APG,11.12,11.3,10.8,11.01,894659.0,2020-05-27
20,APG,11.06,11.44,10.91,11.0,1232524.0,2020-05-28
21,APG,10.99,11.31,10.83,11.27,1380415.0,2020-05-29
22,APG,11.38,11.39,10.4,11.15,1694462.0,2020-06-01
23,APG,11.59,12.02,11.51,11.84,1811813.0,2020-06-02
24,APG,12.1,12.35,11.23,12.16,1591156.0,2020-06-03
25,APG,12.18,12.38,11.92,12.01,1613215.0,2020-06-04
26,APG,13.0,13.0,11.91,12.0,1949078.0,2020-06-05
27,APG,12.5,12.82,11.98,12.64,2778091.0,2020-06-08
28,APG,12.83,12.97,12.415,12.78,1991316.0,2020-06-09
29,APG,12.83,13.02,12.12,12.44,2772848.0,2020-06-10
30,APG,12.0,12.21,11.72,11.96,1506785.0,2020-06-11
31,APG,12.15,12.7,11.93,12.3,1544861.0,2020-06-12
32,APG,12.11,13.02,12.04,12.95,3753856.0,2020-06-15
33,APG,13.22,14.17,12.84,13.61,3544314.0,2020-06-16
34,APG,13.8,14.02,13.39,13.74,5156291.0,2020-06-17
35,APG,13.65,14.0699,13.51,13.82,5569214.0,2020-06-18
36,APG,14.01,14.63,13.48,13.59,11403810.0,2020-06-19
37,APG,13.52,14.09,12.97,13.2,4539161.0,2020-06-22
38,APG,13.4,13.69,12.7,12.88,3811382.0,2020-06-23
39,APG,13.36,13.45,12.91,13.16,2482090.0,2020-06-24
40,APG,13.08,13.67,12.85,12.92,2181281.0,2020-06-25
41,APG,12.92,13.0,12.035,12.22,17766146.0,2020-06-26
42,APG,12.56,12.89,11.965,12.24,1557465.0,2020-06-29
43,APG,12.38,12.38,11.78,12.15,2266317.0,2020-06-30
44,APG,12.08,12.79,12.075,12.12,2903353.0,2020-07-01
45,APG,12.44,12.48,11.87,11.94,729503.0,2020-07-02
46,APG,12.16,12.18,11.8584,12.02,391436.0,2020-07-06
47,APG,11.86,12.06,11.45,11.54,741081.0,2020-07-07
48,APG,11.57,11.83,11.43,11.76,771081.0,2020-07-08
49,APG,11.61,11.92,11.19,11.34,1528272.0,2020-07-09
50,APG,11.32,11.66,11.12,11.3,1277374.0,2020-07-10
51,APG,11.4,11.55,10.93,11.0,1258995.0,2020-07-13
52,APG,11.03,11.83,10.91,11.8,1773283.0,2020-07-14
53,APG,11.98,12.55,11.905,12.31,1840980.0,2020-07-15
54,APG,12.3,13.11,12.18,12.98,901304.0,2020-07-16
55,APG,12.9,13.36,12.77,13.34,1209155.0,2020-07-17
56,APG,13.34,13.48,12.92,13.33,1385598.0,2020-07-20
57,APG,13.49,14.0,13.24,13.6,1677752.0,2020-07-21
58,APG,13.5,14.05,13.47,13.5,1713251.0,2020-07-22
59,APG,13.5,13.76,13.08,13.25,813761.0,2020-07-23
60,APG,13.28,13.31,12.85,12.85,688111.0,2020-07-24
61,APG,12.82,13.24,12.74,13.05,764940.0,2020-07-27
62,APG,12.95,13.5,12.95,13.26,907442.0,2020-07-28
63,APG,13.3,13.86,13.3,13.78,557980.0,2020-07-29
64,APG,13.53,14.27,13.53,13.97,675899.0,2020-07-30
65,APG,13.84,14.06,13.6701,13.93,896084.0,2020-07-31
66,APG,13.96,14.5,13.86,14.38,1046691.0,2020-08-03
67,APG,14.28,14.5,14.06,14.43,800956.0,2020-08-04
68,APG,14.5,14.84,14.25,14.45,626420.0,2020-08-05
69,APG,14.39,14.65,14.23,14.41,471653.0,2020-08-06
70,APG,14.38,14.68,14.28,14.68,540804.0,2020-08-07
71,APG,14.78,15.01,14.57,14.72,1282562.0,2020-08-10
72,APG,14.96,15.03,14.61,14.7,1689224.0,2020-08-11
73,APG,15.43,15.43,14.08,14.47,1363162.0,2020-08-12
74,APG,14.83,14.83,14.24,14.45,580803.0,2020-08-13
75,APG,14.3,14.88,14.16,14.67,764953.0,2020-08-14
76,APG,15.0,15.21,14.71,15.19,1543896.0,2020-08-17
77,APG,15.19,15.55,15.12,15.35,1166104.0,2020-08-18
78,APG,15.67,15.77,15.36,15.46,1046779.0,2020-08-19
79,APG,15.27,15.37,14.8,15.13,512834.0,2020-08-20
80,APG,14.96,15.06,14.785,14.97,686689.0,2020-08-21
81,APG,15.2,15.21,14.4101,14.55,739148.0,2020-08-24
82,APG,14.71,14.93,14.49,14.7,558269.0,2020-08-25
83,APG,14.56,14.79,14.43,14.56,381540.0,2020-08-26
84,APG,14.65,14.65,14.16,14.35,475981.0,2020-08-27
85,APG,14.35,14.44,14.215,14.35,617067.0,2020-08-28
86,APG,14.4,14.43,14.07,14.14,626554.0,2020-08-31
87,APG,14.1,14.74,13.9626,14.67,584819.0,2020-09-01
88,APG,14.5,14.81,14.17,14.48,824363.0,2020-09-02
89,APG,14.58,14.58,13.91,13.97,399474.0,2020-09-03
90,APG,14.14,14.2,13.4,13.93,372891.0,2020-09-04
91,APG,13.68,14.03,13.44,13.78,673161.0,2020-09-08
92,APG,13.88,14.38,13.88,14.24,524850.0,2020-09-09
93,APG,14.23,14.47,13.99,14.09,583294.0,2020-09-10
94,APG,14.09,14.5,14.01,14.15,439319.0,2020-09-11
95,APG,14.2,14.6,14.2,14.6,494967.0,2020-09-14
96,APG,14.67,14.79,14.09,14.09,777952.0,2020-09-15
97,APG,14.14,14.3,13.85,14.0,781166.0,2020-09-16
98,APG,13.84,14.21,13.75,13.99,542686.0,2020-09-17
99,APG,14.25,14.25,13.82,13.94,1415989.0,2020-09-18
100,APG,13.62,13.82,13.0,13.81,1473613.0,2020-09-21
101,APG,14.54,15.1,14.24,14.65,1400692.0,2020-09-22
102,APG,14.6,14.85,14.3,14.35,1652175.0,2020-09-23
103,APG,14.39,14.415,13.819,13.88,1202030.0,2020-09-24
104,APG,13.74,14.48,13.74,14.47,849040.0,2020-09-25
105,APG,14.62,14.75,14.17,14.27,821531.0,2020-09-28
106,APG,14.28,14.44,13.95,14.19,621771.0,2020-09-29
107,APG,14.18,14.785,14.18,14.23,735876.0,2020-09-30
108,APG,14.35,14.69,14.21,14.56,1722190.0,2020-10-01
109,APG,14.23,14.5,14.11,14.28,565692.0,2020-10-02
110,APG,14.64,15.22,14.64,14.85,961743.0,2020-10-05
111,APG,15.04,15.05,14.45,14.46,789760.0,2020-10-06
112,APG,14.61,15.1,14.47,14.62,961988.0,2020-10-07
113,APG,14.78,14.8,14.34,14.76,665049.0,2020-10-08
114,APG,14.89,15.25,14.72,14.9,1972190.0,2020-10-09
115,APG,14.91,15.38,14.78,15.09,925597.0,2020-10-12
116,APG,14.91,15.09,14.91,15.01,1075711.0,2020-10-13
117,APG,15.01,15.4,14.9,14.9,259303.0,2020-10-14
118,APG,14.92,15.33,14.51,15.23,509774.0,2020-10-15
119,APG,15.19,15.5,15.02,15.25,751016.0,2020-10-16
120,APG,15.25,15.5,15.17,15.21,383503.0,2020-10-19
121,APG,15.36,15.42,15.09,15.1,512378.0,2020-10-20
122,APG,15.13,15.22,14.87,15.03,663199.0,2020-10-21
123,APG,15.16,15.3,15.11,15.24,771882.0,2020-10-22
124,APG,15.25,15.76,15.2,15.32,552785.0,2020-10-23
125,APG,15.07,15.21,14.76,14.9,608680.0,2020-10-26
126,APG,14.84,15.0,14.53,14.61,749314.0,2020-10-27
127,APG,14.34,14.35,13.85,13.89,1177824.0,2020-10-28
128,APG,13.79,14.25,13.76,14.1,750206.0,2020-10-29
129,APG,13.9,14.57,13.89,14.39,742321.0,2020-10-30
130,APG,14.63,14.94,14.42,14.62,1463074.0,2020-11-02
131,APG,14.9,15.0,14.425,14.5,1074598.0,2020-11-03
132,APG,14.53,14.87,14.325,14.71,1451556.0,2020-11-04
133,APG,14.57,15.1,14.57,14.8,950033.0,2020-11-05
134,APG,14.82,14.91,14.56,14.64,302321.0,2020-11-06
135,APG,15.34,15.92,14.54,15.27,1150326.0,2020-11-09
136,APG,15.6,15.9,15.26,15.67,842994.0,2020-11-10
137,APG,16.48,16.52,15.36,15.65,2313012.0,2020-11-11
138,APG,15.69,16.17,15.17,15.62,1150277.0,2020-11-12
139,APG,15.64,16.03,15.385,15.46,558547.0,2020-11-13
140,APG,15.61,16.21,15.59,16.0,1004767.0,2020-11-16
141,APG,15.72,15.87,15.26,15.32,1103169.0,2020-11-17
142,APG,15.37,15.82,15.12,15.58,1189276.0,2020-11-18
143,APG,15.56,15.63,15.25,15.35,862312.0,2020-11-19
144,APG,15.25,15.4,15.06,15.35,988554.0,2020-11-20
145,APG,15.48,15.775,15.28,15.75,1037147.0,2020-11-23
146,APG,15.87,16.04,15.71,15.98,1366833.0,2020-11-24
147,APG,16.05,16.17,15.78,15.85,807904.0,2020-11-25
148,APG,15.75,15.95,15.58,15.72,415716.0,2020-11-27
149,APG,15.59,15.77,15.46,15.5,2390454.0,2020-11-30
150,APG,16.3,16.39,15.77,16.01,1633319.0,2020-12-01
151,APG,15.9,16.15,15.82,15.93,2081244.0,2020-12-02
152,APG,16.02,16.6,16.02,16.44,2739082.0,2020-12-03
153,APG,16.56,16.64,16.29,16.38,1350438.0,2020-12-04
154,APG,16.33,16.78,16.16,16.72,1674108.0,2020-12-07
155,APG,17.61,17.67,17.05,17.41,1964577.0,2020-12-08
156,APG,17.43,17.556,17.15,17.38,1282729.0,2020-12-09
157,APG,17.29,17.865,17.2,17.7,1344161.0,2020-12-10
158,APG,17.55,17.82,17.49,17.74,1714010.0,2020-12-11
159,APG,17.96,17.98,17.605,17.68,1121037.0,2020-12-14
160,APG,17.76,17.95,17.59,17.73,1178859.0,2020-12-15
161,APG,17.94,17.94,17.475,17.68,729389.0,2020-12-16
162,APG,17.77,17.903,17.62,17.85,1176250.0,2020-12-17
163,APG,17.91,18.16,17.77,17.88,2603113.0,2020-12-18
164,APG,17.51,17.98,17.51,17.82,609224.0,2020-12-21
165,APG,17.82,17.93,17.55,17.88,626352.0,2020-12-22
166,APG,18.0,18.15,17.84,17.91,751270.0,2020-12-23
167,APG,17.93,18.03,17.75,17.94,266630.0,2020-12-24
168,APG,18.11,18.17,17.76,17.77,488300.0,2020-12-28
169,APG,17.78,17.88,17.53,17.65,450345.0,2020-12-29
170,APG,17.64,17.95,17.64,17.85,373069.0,2020-12-30
171,APG,17.73,18.355,17.64,18.15,752419.0,2020-12-31
172,APG,18.13,18.27,17.3,17.57,1393213.0,2021-01-04
173,APG,17.61,17.61,17.15,17.46,1010711.0,2021-01-05
174,APG,17.73,17.96,17.2,17.43,1508221.0,2021-01-06
175,APG,17.46,17.85,17.22,17.3,795767.0,2021-01-07
176,APG,17.5,17.6,16.75,16.87,1052564.0,2021-01-08
177,APG,16.74,17.1,16.63,16.92,406211.0,2021-01-11
178,APG,16.84,17.39,16.75,17.27,845035.0,2021-01-12
179,APG,17.26,17.47,16.92,17.05,498574.0,2021-01-13
180,APG,17.14,17.54,16.94,17.4,1129616.0,2021-01-14
181,APG,17.24,17.73,17.22,17.6,1051950.0,2021-01-15
182,APG,17.7,18.25,17.7,17.96,916880.0,2021-01-19
183,APG,18.0,18.48,17.73,18.44,859109.0,2021-01-20
184,APG,18.5,18.7,18.21,18.45,862205.0,2021-01-21
185,APG,18.41,18.57,18.125,18.56,647807.0,2021-01-22
186,APG,18.47,18.97,18.255,18.64,888668.0,2021-01-25
187,APG,18.74,19.17,18.625,19.11,1019302.0,2021-01-26
188,APG,18.74,18.74,17.68,17.97,1584861.0,2021-01-27
189,APG,18.18,18.53,17.8208,18.23,954396.0,2021-01-28
190,APG,18.08,18.575,17.9,17.91,1802502.0,2021-01-29
191,APG,18.0,18.59,17.84,18.52,877278.0,2021-02-01
192,APG,18.8,18.8,18.4,18.48,964035.0,2021-02-02
193,APG,18.5,18.655,18.065,18.4,932873.0,2021-02-03
194,APG,18.34,18.6,18.2,18.35,1143987.0,2021-02-04
195,APG,18.29,18.4,18.1374,18.31,554050.0,2021-02-05
196,APG,18.46,18.51,18.25,18.38,896683.0,2021-02-08
197,APG,18.39,18.55,18.04,18.1,573697.0,2021-02-09
198,APG,18.1,18.175,17.75,17.94,683136.0,2021-02-10
199,APG,18.1,18.45,17.94,18.41,1202939.0,2021-02-11
200,APG,18.34,18.91,18.05,18.89,2556688.0,2021-02-12
201,APG,19.15,19.37,18.84,19.25,1636497.0,2021-02-16
202,APG,19.08,19.37,18.62,19.1,1001638.0,2021-02-17
203,APG,19.18,19.33,19.0,19.15,791706.0,2021-02-18
204,APG,19.33,19.52,19.19,19.52,578464.0,2021-02-19
205,APG,19.51,19.68,18.945,19.28,1064476.0,2021-02-22
206,APG,19.38,19.46,18.71,18.88,1479748.0,2021-02-23
207,APG,19.02,19.37,18.965,19.34,670601.0,2021-02-24
208,APG,19.41,19.42,18.47,18.61,629399.0,2021-02-25
209,APG,18.61,18.78,18.32,18.5,562187.0,2021-02-26
210,APG,18.73,19.63,18.73,19.55,1118074.0,2021-03-01
211,APG,19.57,19.83,19.01,19.45,929765.0,2021-03-02
212,APG,19.54,20.34,19.4,19.56,1554380.0,2021-03-03
213,APG,19.56,20.04,18.86,18.91,1138155.0,2021-03-04
214,APG,19.07,19.61,18.54,19.61,976059.0,2021-03-05
215,APG,19.61,20.08,19.53,19.86,586997.0,2021-03-08
216,APG,20.06,20.211,19.635,19.72,432423.0,2021-03-09
217,APG,19.87,20.27,19.791,20.1,757623.0,2021-03-10
218,APG,20.18,20.26,19.77,20.09,605394.0,2021-03-11
219,APG,20.18,20.52,20.05,20.49,554725.0,2021-03-12
220,APG,20.47,20.59,20.15,20.49,661034.0,2021-03-15
221,APG,20.28,20.5,20.2,20.4,464861.0,2021-03-16
222,APG,20.13,20.57,19.99,20.56,541485.0,2021-03-17
223,APG,20.4,20.8,20.12,20.18,788168.0,2021-03-18
224,APG,20.3,20.36,19.92,20.22,3994082.0,2021-03-19
225,APG,20.14,20.14,19.44,19.5,898068.0,2021-03-22
226,APG,19.34,19.6,19.05,19.23,1297306.0,2021-03-23
227,APG,19.07,19.5,18.66,18.9,2611401.0,2021-03-24
228,APG,18.69,18.96,18.37,18.67,2134031.0,2021-03-25
229,APG,18.94,19.72,18.83,19.72,832384.0,2021-03-26
230,APG,19.63,20.28,19.5,19.51,970880.0,2021-03-29
231,APG,19.49,20.12,19.35,19.98,652324.0,2021-03-30
232,APG,20.1,20.96,20.01,20.68,1573872.0,2021-03-31
233,APG,20.88,21.79,20.747,21.6,1662773.0,2021-04-01
234,APG,21.99,22.23,21.7,21.9,1008152.0,2021-04-05
235,APG,21.79,22.05,21.54,21.64,775313.0,2021-04-06
236,APG,21.65,22.0,21.51,21.88,467748.0,2021-04-07
237,APG,22.02,22.2,21.85,21.99,1013637.0,2021-04-08
238,APG,22.14,22.36,21.98,22.25,826019.0,2021-04-09
239,APG,22.31,22.31,21.82,22.02,341617.0,2021-04-12
240,APG,22.14,22.19,21.87,22.03,430924.0,2021-04-13
241,APG,22.15,22.1556,21.84,21.87,471705.0,2021-04-14
242,APG,21.9,22.155,21.85,22.14,543994.0,2021-04-15
243,APG,22.24,22.37,21.96,22.05,605645.0,2021-04-16
244,APG,22.03,22.17,21.69,21.76,734133.0,2021-04-19
245,APG,21.67,21.74,21.26,21.42,548339.0,2021-04-20
246,APG,21.5,21.74,21.17,21.55,1117271.0,2021-04-21
247,APG,21.65,21.96,21.49,21.68,628606.0,2021-04-22
248,APG,21.85,21.92,21.41,21.44,585713.0,2021-04-23
249,APG,21.61,21.61,21.19,21.2,916821.0,2021-04-26
250,APG,21.4,21.63,21.19,21.4,1091748.0,2021-04-27
251,APG,21.34,21.55,21.11,21.29,724862.0,2021-04-28
252,APG,21.5,21.59,21.16,21.53,322358.0,2021-04-29
253,APG,21.31,21.48,21.15,21.26,513695.0,2021-04-30
254,APG,21.41,21.71,21.34,21.46,430818.0,2021-05-03
255,APG,21.36,21.42,20.9,21.18,411920.0,2021-05-04
256,APG,21.25,21.48,21.11,21.36,318005.0,2021-05-05
257,APG,21.55,21.55,20.96,21.01,826368.0,2021-05-06
258,APG,20.95,21.46,20.9228,21.39,2862623.0,2021-05-07
259,APG,21.68,21.68,21.04,21.08,979910.0,2021-05-10
260,APG,20.69,21.08,20.55,20.85,2469443.0,2021-05-11
261,APG,20.75,20.9899,19.57,19.66,1834205.0,2021-05-12
262,APG,19.48,19.86,19.18,19.45,1115323.0,2021-05-13
263,APG,19.69,19.97,19.59,19.65,601839.0,2021-05-14
264,APG,19.49,19.7,19.16,19.41,569067.0,2021-05-17
265,APG,19.4,19.57,18.935,18.96,774367.0,2021-05-18
266,APG,18.59,19.14,18.46,19.08,1197257.0,2021-05-19
267,APG,19.06,19.345,18.96,19.25,628679.0,2021-05-20
268,APG,19.47,19.63,19.4,19.44,479613.0,2021-05-21
269,APG,19.58,20.34,19.53,20.19,1161264.0,2021-05-24
270,APG,20.51,20.75,20.29,20.5,1826228.0,2021-05-25
271,APG,20.34,20.48,20.18,20.33,664598.0,2021-05-26
272,APG,20.4,20.99,20.27,20.97,1049750.0,2021-05-27
273,APG,21.0,21.34,20.84,21.15,637713.0,2021-05-28
274,APG,21.44,21.725,21.18,21.49,896719.0,2021-06-01
275,APG,21.48,21.65,21.27,21.44,766677.0,2021-06-02
276,APG,21.26,21.93,21.14,21.67,664062.0,2021-06-03
277,APG,21.69,21.82,21.49,21.49,664577.0,2021-06-04
278,APG,21.64,22.51,21.57,22.41,1472406.0,2021-06-07
279,APG,22.5,23.26,22.37,23.08,1293718.0,2021-06-08
280,APG,23.09,23.17,22.54,22.75,720977.0,2021-06-09
281,APG,22.75,22.97,22.0836,22.12,737650.0,2021-06-10
282,APG,22.25,22.37,22.02,22.35,558232.0,2021-06-11
283,APG,22.41,22.545,22.02,22.09,530623.0,2021-06-14
284,APG,22.17,22.335,22.09,22.29,543157.0,2021-06-15
285,APG,22.31,22.4208,21.9,22.09,648224.0,2021-06-16
286,APG,21.97,22.16,21.59,21.66,755228.0,2021-06-17
287,APG,21.34,21.65,21.15,21.22,1600226.0,2021-06-18
288,APG,21.4,21.9,21.31,21.66,999926.0,2021-06-21
289,APG,21.56,21.75,21.21,21.55,790350.0,2021-06-22
290,APG,21.56,21.67,21.18,21.25,622997.0,2021-06-23
291,APG,21.45,21.6,21.14,21.54,812468.0,2021-06-24
292,APG,21.63,21.87,21.13,21.13,5885528.0,2021-06-25
293,APG,21.15,21.27,20.76,20.98,1348737.0,2021-06-28
294,APG,21.03,21.1,20.83,20.86,861517.0,2021-06-29
295,APG,20.72,21.04,20.67,20.89,641623.0,2021-06-30
296,APG,20.99,21.6,20.91,21.57,717422.0,2021-07-01
297,APG,21.65,21.79,21.395,21.57,635156.0,2021-07-02
298,APG,21.5,21.5,21.055,21.42,665001.0,2021-07-06
299,APG,21.3,21.63,21.21,21.24,494911.0,2021-07-07
300,APG,20.9,21.24,20.57,20.76,377433.0,2021-07-08
301,APG,20.91,21.47,20.86,21.23,444325.0,2021-07-09
302,APG,21.02,21.46,20.98,21.44,576330.0,2021-07-12
303,APG,21.36,21.39,20.92,20.96,410215.0,2021-07-13
304,APG,21.08,21.3601,20.43,20.51,421145.0,2021-07-14
305,APG,20.33,20.54,19.965,20.34,756084.0,2021-07-15
306,APG,20.5,20.64,19.93,19.99,434630.0,2021-07-16
307,APG,19.52,19.78,19.3,19.55,950803.0,2021-07-19
308,APG,19.56,20.47,19.55,20.31,1016544.0,2021-07-20
309,APG,20.44,20.77,20.42,20.53,505939.0,2021-07-21
310,APG,20.525,20.6128,19.94,19.99,936367.0,2021-07-22
311,APG,19.99,20.42,19.96,20.38,517132.0,2021-07-23
312,APG,20.38,20.62,20.18,20.34,322452.0,2021-07-26
313,APG,21.13,23.61,20.72,22.26,4099401.0,2021-07-27
314,APG,22.21,23.17,22.0401,22.93,1415872.0,2021-07-28
315,APG,23.15,23.59,22.95,23.17,717654.0,2021-07-29
316,APG,23.03,23.51,22.75,22.92,613604.0,2021-07-30
317,APG,23.03,23.67,22.39,22.46,438283.0,2021-08-02
318,APG,22.64,22.67,22.32,22.55,247740.0,2021-08-03
319,APG,22.28,22.535,22.12,22.14,282321.0,2021-08-04
320,APG,22.33,22.51,22.11,22.36,409106.0,2021-08-05
321,APG,22.46,22.84,22.23,22.47,503791.0,2021-08-06
322,APG,22.35,22.43,22.04,22.3,306496.0,2021-08-09
323,APG,22.28,22.86,22.18,22.83,424906.0,2021-08-10
324,APG,22.39,22.44,20.92,21.72,1918122.0,2021-08-11
325,APG,21.58,22.58,21.56,22.21,949322.0,2021-08-12
326,APG,22.35,22.9098,22.0498,22.26,1370743.0,2021-08-13
327,APG,22.0,22.79,21.765,22.79,1103327.0,2021-08-16
328,APG,22.48,22.52,21.99,22.46,926306.0,2021-08-17
329,APG,22.69,23.05,22.48,22.5,716134.0,2021-08-18
330,APG,22.35,22.6,21.98,22.15,540749.0,2021-08-19
331,APG,22.205,22.79,22.01,22.74,712321.0,2021-08-20
332,APG,22.99,23.2,22.5,22.94,744799.0,2021-08-23
333,APG,22.91,23.45,22.88,23.25,403838.0,2021-08-24
334,APG,23.3,23.495,23.12,23.2,335875.0,2021-08-25
335,APG,23.05,23.21,22.77,22.84,398193.0,2021-08-26
336,APG,22.98,23.59,22.9,23.35,642110.0,2021-08-27
337,APG,23.49,23.6,23.235,23.33,273690.0,2021-08-30
338,APG,23.3,23.35,23.06,23.19,350114.0,2021-08-31
339,APG,23.2,23.245,22.835,23.15,441648.0,2021-09-01
340,APG,23.37,23.67,23.19,23.35,450227.0,2021-09-02
341,APG,23.19,23.545,23.11,23.4,569351.0,2021-09-03
342,APG,23.37,23.4,22.87,22.88,624645.0,2021-09-07
343,APG,22.69,23.16,22.69,22.83,466734.0,2021-09-08
344,APG,22.65,22.99,22.36,22.37,823700.0,2021-09-09
345,APG,22.59,22.59,21.91,21.92,445951.0,2021-09-10
346,APG,21.24,21.42,20.12,20.36,2660247.0,2021-09-13
347,APG,20.48,20.7,20.11,20.59,1835035.0,2021-09-14
348,APG,20.36,21.45,20.3,20.43,8880529.0,2021-09-15
349,APG,20.71,21.85,20.68,21.65,3042452.0,2021-09-16
350,APG,21.86,21.86,20.46,20.56,4208764.0,2021-09-17
351,APG,20.18,20.78,19.74,20.68,2591634.0,2021-09-20
352,APG,20.72,20.79,20.325,20.55,1674972.0,2021-09-21
353,APG,20.63,20.91,20.35,20.75,1833960.0,2021-09-22
354,APG,20.74,21.48,20.57,21.03,1004588.0,2021-09-23
355,APG,20.98,21.1,20.63,20.8,1832446.0,2021-09-24
356,APG,20.72,21.39,20.72,21.03,936761.0,2021-09-27
357,APG,20.92,21.09,20.58,20.65,1089449.0,2021-09-28
358,APG,20.81,20.97,20.57,20.88,1018545.0,2021-09-29
359,APG,21.0,21.065,20.27,20.35,1352433.0,2021-09-30
360,APG,20.58,21.24,20.34,21.19,1106889.0,2021-10-01
361,APG,20.96,21.075,20.18,20.29,1380283.0,2021-10-04
362,APG,20.37,20.8,20.05,20.53,815467.0,2021-10-05
363,APG,20.06,20.79,19.84,20.6,1587307.0,2021-10-06
364,APG,20.76,21.07,20.64,20.89,1667734.0,2021-10-07
365,APG,20.9,21.01,20.56,20.58,630070.0,2021-10-08
366,APG,20.46,20.6,20.2,20.27,664632.0,2021-10-11
367,APG,20.19,20.42,20.08,20.19,400654.0,2021-10-12
368,APG,20.36,20.38,19.95,20.33,721919.0,2021-10-13
369,APG,20.63,21.148,20.56,20.99,826356.0,2021-10-14
370,APG,21.29,21.31,20.8,20.84,707047.0,2021-10-15
371,APG,20.73,21.02,20.7,20.92,903855.0,2021-10-18
372,APG,20.99,21.3,20.92,21.28,917306.0,2021-10-19
373,APG,21.38,21.55,21.15,21.28,497511.0,2021-10-20
374,APG,21.38,21.83,21.24,21.81,701519.0,2021-10-21
375,APG,21.81,22.04,21.55,21.58,375115.0,2021-10-22
376,APG,21.69,21.9,21.495,21.82,897541.0,2021-10-25
377,APG,22.03,22.55,21.89,22.13,1000430.0,2021-10-26
378,APG,22.04,22.27,21.38,21.4,872225.0,2021-10-27
379,APG,21.59,21.78,21.36,21.68,816220.0,2021-10-28
380,APG,21.62,21.805,21.59,21.78,833935.0,2021-10-29
381,APG,21.94,22.82,21.77,22.23,1013638.0,2021-11-01
382,APG,22.3,22.4,22.12,22.24,499855.0,2021-11-02
383,APG,22.12,22.95,22.04,22.79,813078.0,2021-11-03
384,APG,22.71,23.18,22.66,22.96,625368.0,2021-11-04
385,APG,23.31,23.57,23.065,23.14,870139.0,2021-11-05
386,APG,23.3,23.65,22.38,22.43,1448731.0,2021-11-08
387,APG,22.47,22.95,22.32,22.45,711190.0,2021-11-09
388,APG,22.8,24.07,22.45,24.02,1123877.0,2021-11-10
389,APG,23.72,24.84,23.6,24.54,1032412.0,2021-11-11
390,APG,24.75,25.75,24.63,25.61,1373277.0,2021-11-12
391,APG,25.57,25.65,24.66,24.84,688601.0,2021-11-15
392,APG,24.96,25.15,24.76,25.0,524502.0,2021-11-16
393,APG,25.0,25.04,24.58,24.7,409658.0,2021-11-17
394,APG,24.74,25.08,24.43,24.5,589697.0,2021-11-18
395,APG,24.27,25.09,24.11,24.89,445578.0,2021-11-19
396,APG,25.17,25.41,24.76,24.83,694304.0,2021-11-22
397,APG,24.74,24.89,24.47,24.78,494238.0,2021-11-23
398,APG,24.56,24.66,24.35,24.5,515124.0,2021-11-24
399,APG,23.67,24.21,23.4216,24.05,483034.0,2021-11-26
400,APG,24.37,24.415,23.71,23.78,606376.0,2021-11-29
401,APG,23.57,23.82,22.98,23.31,580560.0,2021-11-30
402,APG,23.88,23.88,22.8,22.84,837257.0,2021-12-01
403,APG,23.05,23.615,22.9838,23.3,591793.0,2021-12-02
404,APG,23.24,23.71,22.575,22.83,614993.0,2021-12-03
405,APG,23.37,24.08,23.12,23.78,615416.0,2021-12-06
406,APG,24.17,24.61,23.97,24.02,641447.0,2021-12-07
407,APG,24.13,24.5,23.86,24.41,379870.0,2021-12-08
408,APG,24.13,24.38,23.6,23.74,820538.0,2021-12-09
409,APG,23.95,24.21,23.63,23.85,529350.0,2021-12-10
410,APG,23.86,23.99,23.44,23.56,600297.0,2021-12-13
411,APG,23.43,23.63,22.69,22.89,470745.0,2021-12-14
412,APG,22.83,23.59,22.45,23.53,1228251.0,2021-12-15
413,APG,23.83,24.1,23.1,23.32,1355786.0,2021-12-16
414,APG,23.32,24.09,23.06,23.42,1660116.0,2021-12-17
415,APG,23.03,23.32,22.85,23.14,1212835.0,2021-12-20
416,APG,23.47,24.18,23.47,24.15,882862.0,2021-12-21
417,APG,24.27,24.66,23.97,24.64,456725.0,2021-12-22
418,APG,24.91,25.3,24.835,24.98,525770.0,2021-12-23
419,APG,24.99,25.47,24.86,25.46,401302.0,2021-12-27
420,APG,25.43,25.75,25.27,25.39,685319.0,2021-12-28
421,APG,25.41,25.605,25.27,25.53,456008.0,2021-12-29
422,APG,25.53,25.95,25.24,25.44,538321.0,2021-12-30
423,APG,25.3,26.03,25.3,25.77,509189.0,2021-12-31
424,APG,25.78,26.01,25.51,25.75,586841.0,2022-01-03
425,APG,26.25,26.84,26.22,26.34,613743.0,2022-01-04
426,APG,26.465,26.48,25.49,25.56,502407.0,2022-01-05
427,APG,25.46,25.84,25.23,25.35,485453.0,2022-01-06
428,APG,25.46,25.84,25.4,25.52,694630.0,2022-01-07
429,APG,25.17,25.17,24.2,24.72,921663.0,2022-01-10
430,APG,24.585,25.31,24.22,25.27,570252.0,2022-01-11
431,APG,25.31,25.69,25.12,25.41,601931.0,2022-01-12
432,APG,25.49,25.49,24.67,24.7,463280.0,2022-01-13
433,APG,24.35,24.5,24.0,24.37,891653.0,2022-01-14
434,APG,23.9,24.05,23.56,23.64,785771.0,2022-01-18
435,APG,23.6,23.76,22.96,23.01,739489.0,2022-01-19
436,APG,23.28,23.57,22.53,22.58,623619.0,2022-01-20
437,APG,22.57,22.885,22.04,22.08,884423.0,2022-01-21
438,APG,21.68,22.42,21.44,22.42,1456919.0,2022-01-24
439,APG,21.91,22.23,21.4347,21.89,1209146.0,2022-01-25
440,APG,22.34,22.58,21.41,21.71,1092217.0,2022-01-26
441,APG,22.0,22.28,21.125,21.28,1008127.0,2022-01-27
442,APG,21.23,21.77,20.76,21.76,1067446.0,2022-01-28
443,APG,21.63,22.33,21.54,22.3,942511.0,2022-01-31
444,APG,22.35,22.65,21.84,22.25,1156577.0,2022-02-01
445,APG,22.22,22.285,21.93,22.22,730444.0,2022-02-02
446,APG,21.82,22.14,21.55,21.62,619404.0,2022-02-03
447,APG,21.45,21.65,21.02,21.4,744179.0,2022-02-04
448,APG,21.36,21.61,21.33,21.44,1082388.0,2022-02-07
449,APG,21.45,21.83,21.33,21.69,1134331.0,2022-02-08
450,APG,22.07,22.31,21.95,22.22,742307.0,2022-02-09
451,APG,21.66,22.23,21.51,21.75,797356.0,2022-02-10
452,APG,21.73,21.98,21.03,21.26,659881.0,2022-02-11
453,APG,21.35,21.48,20.87,21.09,906875.0,2022-02-14
454,APG,21.51,21.92,21.405,21.91,856763.0,2022-02-15
455,APG,21.8,22.33,21.66,22.14,469308.0,2022-02-16
456,APG,21.81,21.9,21.24,21.28,625534.0,2022-02-17
457,APG,21.24,21.47,20.8,20.97,798750.0,2022-02-18
458,APG,20.79,20.9077,20.17,20.35,652020.0,2022-02-22
459,APG,20.75,21.47,20.66,20.7,1371188.0,2022-02-23
460,APG,20.21,21.56,20.01,21.53,1002465.0,2022-02-24
461,APG,21.55,21.91,21.15,21.91,717432.0,2022-02-25
462,APG,21.55,21.835,21.3,21.57,1400502.0,2022-02-28
463,APG,21.5,21.58,20.25,20.57,1594647.0,2022-03-01
464,APG,20.88,21.09,20.26,20.68,922176.0,2022-03-02
465,APG,20.77,21.12,20.28,20.82,976123.0,2022-03-03
466,APG,20.49,20.68,19.465,19.68,1416416.0,2022-03-04
467,APG,19.76,19.76,18.67,18.83,1369461.0,2022-03-07
468,APG,18.89,19.81,18.5906,19.5,1072528.0,2022-03-08
469,APG,20.04,21.025,20.02,20.77,1059960.0,2022-03-09
470,APG,20.29,20.69,20.2,20.58,572881.0,2022-03-10
471,APG,20.81,21.03,20.36,20.38,538362.0,2022-03-11
472,APG,20.58,20.58,19.77,19.93,1116651.0,2022-03-14
473,APG,20.16,20.4,19.89,20.36,752569.0,2022-03-15
474,APG,20.59,21.05,20.25,21.02,1473908.0,2022-03-16
475,APG,20.78,21.15,20.67,21.07,1188805.0,2022-03-17
476,APG,21.2,22.02,20.94,21.94,1682143.0,2022-03-18
477,APG,21.76,21.94,20.96,21.24,1004442.0,2022-03-21
478,APG,21.15,21.51,20.97,21.4,1412509.0,2022-03-22
479,APG,21.13,21.28,20.755,20.83,815376.0,2022-03-23
480,APG,20.89,21.3185,20.81,21.23,842306.0,2022-03-24
481,APG,21.18,21.3801,20.87,21.36,601205.0,2022-03-25
482,APG,21.31,21.44,20.97,21.38,578992.0,2022-03-28
483,APG,21.77,22.27,21.6,22.15,835551.0,2022-03-29
484,APG,22.09,22.19,21.33,21.39,528573.0,2022-03-30
485,APG,21.27,21.57,20.87,21.03,2017137.0,2022-03-31
486,APG,21.22,21.32,20.81,21.04,554806.0,2022-04-01
487,APG,21.26,21.26,20.69,20.87,526935.0,2022-04-04
488,APG,20.85,20.93,20.32,20.35,652480.0,2022-04-05
489,APG,20.05,20.31,19.84,20.1,599198.0,2022-04-06
490,APG,19.98,20.195,19.645,19.94,626958.0,2022-04-07
491,APG,19.89,20.07,19.66,19.69,581891.0,2022-04-08
492,APG,19.53,19.76,19.25,19.41,810375.0,2022-04-11
493,APG,19.55,20.02,19.38,19.58,790765.0,2022-04-12
494,APG,19.56,19.87,19.51,19.79,447716.0,2022-04-13
495,APG,19.8,20.11,19.71,19.74,653694.0,2022-04-14
496,APG,19.53,19.66,19.24,19.4,477426.0,2022-04-18
497,APG,19.4,20.26,19.4,20.24,590085.0,2022-04-19
498,APG,20.55,20.77,20.21,20.29,732023.0,2022-04-20
499,APG,20.55,20.73,19.57,19.73,977764.0,2022-04-21
500,APG,19.71,19.82,19.15,19.17,435551.0,2022-04-22
501,APG,19.0,19.41,18.8,19.38,596484.0,2022-04-25
502,APG,19.05,19.05,18.56,18.65,1082551.0,2022-04-26
503,APG,18.65,18.92,18.45,18.72,1139448.0,2022-04-27
504,APG,18.99,19.35,18.33,19.16,859439.0,2022-04-28
505,APG,18.94,19.31,18.46,18.56,658252.0,2022-04-29
506,APG,18.48,18.88,18.17,18.78,690913.0,2022-05-02
507,APG,18.74,18.94,18.45,18.84,1203041.0,2022-05-03
508,APG,18.29,18.81,17.23,18.55,1365672.0,2022-05-04
509,APG,18.39,18.39,16.93,17.22,1168186.0,2022-05-05
510,APG,17.02,17.56,16.68,17.14,1147412.0,2022-05-06
511,APG,16.92,17.16,15.89,16.09,1639659.0,2022-05-09
512,APG,16.43,16.71,15.88,16.37,1184389.0,2022-05-10
513,APG,16.45,16.84,16.14,16.21,954746.0,2022-05-11
514,APG,16.13,16.49,15.91,16.34,1092225.0,2022-05-12
515,APG,16.64,17.22,16.45,17.07,824507.0,2022-05-13
516,APG,16.91,17.08,16.69,16.86,658082.0,2022-05-16
517,APG,17.16,17.42,17.005,17.42,683700.0,2022-05-17
518,APG,17.4,18.0,16.87,17.05,954874.0,2022-05-18
519,APG,16.8,17.27,16.785,16.97,1140734.0,2022-05-19
520,APG,17.16,17.39,16.695,17.35,935608.0,2022-05-20
521,APG,17.57,18.095,17.3,17.98,1186644.0,2022-05-23
522,APG,17.88,17.93,17.14,17.35,925774.0,2022-05-24
523,APG,17.25,17.68,17.25,17.36,1307348.0,2022-05-25
524,APG,17.46,17.57,17.2,17.3,1438955.0,2022-05-26
525,APG,17.45,18.157,17.31,18.09,1997092.0,2022-05-27
526,APG,17.86,18.11,17.44,17.45,1338471.0,2022-05-31
527,APG,17.54,17.85,17.17,17.48,816383.0,2022-06-01
528,APG,17.53,18.115,17.53,18.05,1085199.0,2022-06-02
529,APG,17.94,17.94,17.615,17.77,661137.0,2022-06-03
530,APG,18.23,18.26,17.86,17.95,1029811.0,2022-06-06
531,APG,17.64,18.125,17.64,18.06,797554.0,2022-06-07
532,APG,17.91,18.16,17.65,17.89,1631259.0,2022-06-08
533,APG,17.68,17.94,17.3,17.32,1052870.0,2022-06-09
534,APG,17.01,17.14,16.51,16.73,766212.0,2022-06-10
535,APG,16.28,16.37,15.745,15.86,778576.0,2022-06-13
536,APG,15.81,16.0,15.53,15.73,881559.0,2022-06-14
537,APG,16.02,16.27,15.66,15.96,1165205.0,2022-06-15
538,APG,15.5,15.61,14.56,14.69,1680444.0,2022-06-16
539,APG,14.64,14.8,14.13,14.4,2506112.0,2022-06-17
540,APG,14.6,14.86,14.35,14.4,1217331.0,2022-06-21
541,APG,14.13,14.47,14.13,14.3,1245092.0,2022-06-22
542,APG,14.58,15.29,14.48,15.28,1259402.0,2022-06-23
543,APG,15.31,15.86,15.31,15.86,1919174.0,2022-06-24
544,APG,16.02,16.13,15.66,15.91,739044.0,2022-06-27
545,APG,15.95,16.11,15.51,15.64,903544.0,2022-06-28
546,APG,15.59,15.59,14.96,15.1,640816.0,2022-06-29
547,APG,14.82,15.12,14.56,14.97,1493153.0,2022-06-30
548,APG,14.87,15.26,14.72,15.1,722980.0,2022-07-01
549,APG,14.7,15.38,14.47,15.3,1166647.0,2022-07-05
550,APG,15.25,15.46,14.95,15.23,1002126.0,2022-07-06
551,APG,15.25,15.595,15.25,15.5,657519.0,2022-07-07
552,APG,15.17,15.44,15.03,15.1,596160.0,2022-07-08
553,APG,15.47,15.47,15.11,15.17,1142644.0,2022-07-11
554,APG,15.14,15.68,15.1,15.29,1605844.0,2022-07-12
555,APG,14.94,15.27,14.64,15.2,1367243.0,2022-07-13
556,APG,14.92,15.13,14.8,14.99,884826.0,2022-07-14
557,APG,15.28,15.52,14.94,15.27,902399.0,2022-07-15
558,APG,15.46,15.62,15.38,15.5,1002912.0,2022-07-18
559,APG,15.68,16.205,15.67,16.06,853975.0,2022-07-19
560,APG,16.04,16.55,16.04,16.4,957994.0,2022-07-20
561,APG,16.17,16.6,16.08,16.58,771441.0,2022-07-21
562,APG,16.72,16.72,16.155,16.39,934763.0,2022-07-22
563,APG,16.44,16.54,16.15,16.45,609340.0,2022-07-25
564,APG,16.37,16.44,16.13,16.26,1321204.0,2022-07-26
565,APG,16.47,16.965,16.44,16.81,611865.0,2022-07-27
566,APG,17.03,17.545,16.95,17.45,875813.0,2022-07-28
567,APG,17.67,17.94,17.38,17.71,1446477.0,2022-07-29
568,APG,17.55,17.91,17.33,17.84,1586928.0,2022-08-01
569,APG,17.76,18.08,17.58,17.89,1140791.0,2022-08-02
570,APG,18.14,18.45,17.97,18.29,931368.0,2022-08-03
571,APG,18.03,18.22,16.74,16.97,1309525.0,2022-08-04
572,APG,16.84,17.41,16.7711,17.3,3365800.0,2022-08-05
573,APG,17.51,17.9,17.2,17.2,850750.0,2022-08-08
574,APG,17.12,17.12,16.6912,16.74,915400.0,2022-08-09
575,APG,17.26,17.66,17.0901,17.57,684263.0,2022-08-10
576,APG,17.88,18.015,17.615,17.65,695192.0,2022-08-11
577,APG,17.79,18.0,17.67,17.99,690510.0,2022-08-12
578,APG,17.91,18.17,17.72,18.15,540093.0,2022-08-15
579,APG,18.02,18.21,17.95,18.12,621836.0,2022-08-16
580,APG,17.73,17.85,17.52,17.57,535228.0,2022-08-17
581,APG,17.65,17.86,17.54,17.54,566431.0,2022-08-18
582,APG,17.45,17.45,16.96,17.04,687219.0,2022-08-19
583,APG,16.79,16.79,16.425,16.48,782800.0,2022-08-22
584,APG,16.41,16.72,16.35,16.41,491110.0,2022-08-23
585,APG,16.36,16.79,16.36,16.76,704185.0,2022-08-24
586,APG,16.83,17.015,16.75,16.97,314880.0,2022-08-25
587,APG,16.84,16.865,15.835,15.9,462965.0,2022-08-26
588,APG,15.67,15.97,15.67,15.91,494422.0,2022-08-29
589,APG,15.9,15.95,15.43,15.63,456742.0,2022-08-30
590,APG,15.62,15.68,15.4,15.55,585591.0,2022-08-31
591,APG,15.55,15.575,15.1904,15.44,955334.0,2022-09-01
592,APG,15.71,15.71,15.12,15.2,642330.0,2022-09-02
593,APG,15.31,15.31,15.01,15.15,527137.0,2022-09-06
594,APG,15.05,15.565,15.04,15.53,554712.0,2022-09-07
595,APG,15.33,15.67,15.12,15.63,656360.0,2022-09-08
596,APG,15.71,16.23,15.71,16.09,714109.0,2022-09-09
597,APG,16.22,16.47,15.945,16.2,1005798.0,2022-09-12
598,APG,16.0,16.0019,15.41,15.51,798935.0,2022-09-13
599,APG,15.44,15.58,15.25,15.45,790617.0,2022-09-14
600,APG,15.2,15.59,15.12,15.16,822486.0,2022-09-15
601,APG,14.98,15.11,14.75,14.94,1454640.0,2022-09-16
602,APG,14.76,15.28,14.76,15.17,683242.0,2022-09-19
603,APG,15.2,15.2,14.82,14.97,862794.0,2022-09-20
604,APG,15.07,15.28,14.75,14.77,624909.0,2022-09-21
605,APG,14.67,14.75,14.255,14.38,930132.0,2022-09-22
606,APG,14.13,14.13,13.765,13.96,726886.0,2022-09-23
607,APG,13.9,14.25,13.475,13.49,864809.0,2022-09-26
608,APG,13.66,13.87,13.34,13.52,1327555.0,2022-09-27
609,APG,13.6,14.185,13.59,14.04,871823.0,2022-09-28
610,APG,13.81,13.81,13.35,13.67,828622.0,2022-09-29
611,APG,13.61,13.945,13.26,13.27,916594.0,2022-09-30
612,APG,13.45,14.02,13.27,13.86,1527732.0,2022-10-03
613,APG,14.25,14.89,14.25,14.89,932014.0,2022-10-04
614,APG,14.6,14.935,14.53,14.82,826807.0,2022-10-05
615,APG,14.69,14.91,14.41,14.43,630065.0,2022-10-06
616,APG,14.24,14.24,13.84,14.09,855739.0,2022-10-07
617,APG,14.25,14.25,14.02,14.06,639054.0,2022-10-10
618,APG,13.89,14.125,13.53,13.98,1086432.0,2022-10-11
619,APG,13.87,13.96,13.67,13.7,893346.0,2022-10-12
620,APG,13.5,14.26,13.09,14.17,994314.0,2022-10-13
621,APG,14.42,14.605,14.09,14.2,1246913.0,2022-10-14
622,APG,14.57,14.84,14.55,14.72,1325045.0,2022-10-17
623,APG,15.14,15.38,14.73,15.02,910646.0,2022-10-18
624,APG,14.83,15.06,14.72,14.9,712294.0,2022-10-19
625,APG,14.97,15.14,14.68,14.69,887295.0,2022-10-20
626,APG,14.7,15.11,14.38,15.11,918531.0,2022-10-21
627,APG,15.12,15.38,14.88,15.3,764778.0,2022-10-24
628,APG,15.38,16.2,15.38,15.92,853774.0,2022-10-25
629,APG,16.08,16.34,15.94,16.09,689238.0,2022-10-26
630,APG,16.27,16.49,16.175,16.24,640881.0,2022-10-27
631,APG,16.33,16.715,16.08,16.61,608358.0,2022-10-28
632,APG,16.49,16.64,16.31,16.49,1652310.0,2022-10-31
633,APG,16.68,16.77,16.37,16.51,1049025.0,2022-11-01
634,APG,16.39,16.595,15.76,15.77,878582.0,2022-11-02
635,APG,16.42,17.04,15.98,17.01,1677027.0,2022-11-03
636,APG,17.47,17.53,17.12,17.45,1154398.0,2022-11-04
637,APG,17.56,17.739,17.24,17.68,1006597.0,2022-11-07
638,APG,17.78,17.99,17.52,17.77,729933.0,2022-11-08
639,APG,17.51,17.825,17.39,17.51,1016051.0,2022-11-09
640,APG,18.37,18.56,18.08,18.56,1166958.0,2022-11-10
641,APG,18.64,19.33,18.61,18.99,1265082.0,2022-11-11
642,APG,18.9,19.5,18.84,19.17,1162651.0,2022-11-14
643,APG,19.49,19.55,18.88,18.91,1166014.0,2022-11-15
644,APG,18.87,19.01,18.715,18.79,1275450.0,2022-11-16
645,APG,18.51,18.93,18.43,18.8,1701237.0,2022-11-17
646,APG,19.45,19.56,18.8125,18.94,1001887.0,2022-11-18
647,APG,18.83,19.03,18.36,18.48,645949.0,2022-11-21
648,APG,18.57,18.98,18.45,18.96,1131285.0,2022-11-22
649,APG,18.88,18.97,18.6,18.7,579881.0,2022-11-23
650,APG,18.75,18.905,18.69,18.79,166239.0,2022-11-25
651,APG,18.66,18.78,18.43,18.53,518240.0,2022-11-28
652,APG,18.53,18.77,18.435,18.57,389453.0,2022-11-29
653,APG,18.63,19.225,18.4,19.22,627649.0,2022-11-30
654,APG,19.57,19.67,19.16,19.33,452731.0,2022-12-01
655,APG,19.02,19.585,19.02,19.39,628203.0,2022-12-02
656,APG,19.16,19.19,18.94,19.1,461326.0,2022-12-05
657,APG,19.15,19.2,18.7676,18.92,491276.0,2022-12-06
658,APG,18.91,19.17,18.72,18.76,647000.0,2022-12-07
659,APG,18.96,19.05,18.8,18.98,577706.0,2022-12-08
660,APG,19.08,19.19,18.67,18.69,703310.0,2022-12-09
661,APG,18.8,18.84,18.57,18.8,881023.0,2022-12-12
662,APG,19.5,19.69,19.0,19.22,816223.0,2022-12-13
663,APG,19.25,19.5,19.05,19.25,806623.0,2022-12-14
664,APG,18.9,18.9,18.465,18.68,790212.0,2022-12-15
665,APG,18.41,18.63,18.28,18.62,1315673.0,2022-12-16
666,APG,18.56,18.71,18.405,18.55,712211.0,2022-12-19
667,APG,18.6,18.79,18.46,18.48,624818.0,2022-12-20
668,APG,18.67,18.98,18.54,18.8,452987.0,2022-12-21
669,APG,18.62,18.62,18.15,18.5,454133.0,2022-12-22
670,APG,18.4,18.67,18.39,18.6,279934.0,2022-12-23
671,APG,18.64,18.64,18.29,18.4,476131.0,2022-12-27
672,APG,18.47,18.64,18.16,18.25,396431.0,2022-12-28
673,APG,18.46,18.965,18.385,18.89,460430.0,2022-12-29
674,APG,18.68,18.87,18.51,18.81,524148.0,2022-12-30
675,APG,19.06,19.25,18.545,18.67,527550.0,2023-01-03
676,APG,18.86,19.06,18.51,18.73,735739.0,2023-01-04
677,APG,18.67,18.67,18.33,18.45,375086.0,2023-01-05
678,APG,18.71,19.12,18.47,19.08,756813.0,2023-01-06
679,APG,19.2,19.46,18.87,18.95,531401.0,2023-01-09
680,APG,18.91,19.19,18.87,19.14,352083.0,2023-01-10
681,APG,19.29,19.7183,19.29,19.64,456570.0,2023-01-11
682,APG,19.76,20.55,19.62,20.55,1047804.0,2023-01-12
683,APG,20.45,20.805,20.4445,20.71,772440.0,2023-01-13
684,APG,20.77,20.9,20.33,20.6,465506.0,2023-01-17
685,APG,20.5,20.65,19.82,19.85,844386.0,2023-01-18
686,APG,19.69,19.74,19.255,19.27,491883.0,2023-01-19
687,APG,19.51,19.935,19.27,19.91,845228.0,2023-01-20
688,APG,19.88,20.64,19.88,20.62,648541.0,2023-01-23
689,APG,20.39,21.06,20.35,20.8,680859.0,2023-01-24
690,APG,20.6,21.03,20.46,21.01,429558.0,2023-01-25
691,APG,21.25,21.42,20.63,21.15,623820.0,2023-01-26
692,APG,21.03,21.78,21.005,21.54,676908.0,2023-01-27
693,APG,21.33,21.79,21.24,21.57,589909.0,2023-01-30
694,APG,21.6,22.27,21.6,22.24,718921.0,2023-01-31
695,APG,22.2,22.425,21.8,22.22,1317009.0,2023-02-01
696,APG,22.39,22.94,22.39,22.77,901819.0,2023-02-02
697,APG,22.6,22.69,22.055,22.3,1038148.0,2023-02-03
698,APG,22.09,22.09,21.67,21.7,822622.0,2023-02-06
699,APG,21.51,22.13,21.51,22.1,710634.0,2023-02-07
700,APG,21.94,22.16,21.83,22.12,610246.0,2023-02-08
701,APG,22.32,22.49,21.59,21.63,346152.0,2023-02-09
702,APG,21.58,21.58,21.26,21.33,416600.0,2023-02-10
703,APG,21.38,21.86,21.2,21.76,594240.0,2023-02-13
704,APG,21.6,22.05,21.5,21.95,381344.0,2023-02-14
705,APG,21.66,22.05,21.66,21.99,522183.0,2023-02-15
706,APG,21.57,22.425,21.57,22.16,743175.0,2023-02-16
707,APG,22.16,22.16,21.74,22.06,568907.0,2023-02-17
708,APG,21.93,22.95,21.93,22.42,1605317.0,2023-02-21
709,APG,22.76,23.15,22.6,22.95,1382057.0,2023-02-22
710,APG,23.02,23.56,22.7901,23.48,1154613.0,2023-02-23
711,APG,23.18,23.8,22.98,23.6,967060.0,2023-02-24
712,APG,23.76,24.08,23.35,23.42,1769936.0,2023-02-27
713,APG,23.52,23.68,22.92,23.49,1405745.0,2023-02-28
714,APG,23.94,24.175,23.53,23.66,1062714.0,2023-03-01
715,APG,23.63,23.8,23.45,23.46,1241816.0,2023-03-02
716,APG,23.87,24.49,23.57,24.11,2489534.0,2023-03-03
717,APG,24.13,24.38,23.65,23.71,1151279.0,2023-03-06
718,APG,23.8,24.01,23.0,23.47,4672510.0,2023-03-07
719,APG,23.54,23.6,23.21,23.5,1619375.0,2023-03-08
720,APG,23.5,23.515,22.65,22.72,893261.0,2023-03-09
721,APG,22.64,22.7,21.44,21.57,1110574.0,2023-03-10
722,APG,21.11,21.91,21.01,21.5,1915733.0,2023-03-13
723,APG,22.16,22.29,21.71,22.04,1181962.0,2023-03-14
724,APG,21.59,21.59,20.48,20.9,2060287.0,2023-03-15
725,APG,20.65,21.18,20.25,21.03,3006547.0,2023-03-16
726,APG,20.97,20.97,20.05,20.35,2311236.0,2023-03-17
727,APG,20.54,20.86,20.47,20.81,1100401.0,2023-03-20
728,APG,21.34,21.66,21.1575,21.46,1233005.0,2023-03-21
729,APG,21.37,21.67,21.121,21.15,1271022.0,2023-03-22
730,APG,21.14,21.39,20.67,20.94,1225354.0,2023-03-23
731,APG,20.63,21.1,20.43,21.08,931798.0,2023-03-24
732,APG,21.41,21.58,21.11,21.5,983202.0,2023-03-27
733,APG,21.38,21.68,21.24,21.64,1186588.0,2023-03-28
734,APG,21.89,22.06,21.78,22.03,943498.0,2023-03-29
735,APG,22.24,22.36,22.03,22.3,896659.0,2023-03-30
736,APG,22.42,22.635,22.38,22.48,1546719.0,2023-03-31
737,APG,22.555,22.61,22.02,22.42,1025315.0,2023-04-03
738,APG,22.49,22.49,21.345,21.49,966117.0,2023-04-04
739,APG,21.26,21.27,20.58,20.92,1048969.0,2023-04-05
740,APG,20.98,21.06,20.755,20.91,831604.0,2023-04-06
741,APG,20.64,21.13,20.64,21.09,1235620.0,2023-04-10
742,APG,21.21,21.25,20.94,21.02,897654.0,2023-04-11
743,APG,21.22,21.321,21.02,21.13,924035.0,2023-04-12
744,APG,21.22,21.47,21.05,21.33,751572.0,2023-04-13
745,APG,21.26,21.51,21.1058,21.25,735231.0,2023-04-14
746,APG,21.26,21.64,21.25,21.64,808141.0,2023-04-17
747,APG,21.74,21.79,21.29,21.45,733906.0,2023-04-18
748,APG,21.3,21.5,21.245,21.39,598267.0,2023-04-19
749,APG,21.23,21.68,21.151,21.67,493728.0,2023-04-20
750,APG,21.78,21.83,21.5,21.73,1280534.0,2023-04-21
751,APG,21.79,22.19,21.72,22.14,1064069.0,2023-04-24
752,APG,21.86,22.21,21.86,21.96,1403471.0,2023-04-25
753,APG,21.77,21.96,21.56,21.65,792680.0,2023-04-26
754,APG,21.8,22.49,21.76,22.48,657355.0,2023-04-27
755,APG,22.35,22.86,22.35,22.76,636497.0,2023-04-28
756,APG,22.71,23.1395,22.575,22.68,514106.0,2023-05-01
757,APG,22.42,22.66,22.1379,22.64,658257.0,2023-05-02
758,APG,22.6,22.899,22.18,22.24,1493877.0,2023-05-03
759,APG,22.75,23.0,21.65,21.75,1673351.0,2023-05-04
760,APG,22.0,22.595,21.81,22.49,2042406.0,2023-05-05
761,APG,22.51,22.64,22.02,22.06,972780.0,2023-05-08
762,APG,21.91,22.12,21.74,22.07,815501.0,2023-05-09
763,APG,22.43,22.515,21.96,22.34,693934.0,2023-05-10
764,APG,22.08,22.33,22.08,22.32,740414.0,2023-05-11
765,APG,22.37,22.645,22.3,22.59,776181.0,2023-05-12
766,APG,22.65,22.86,22.57,22.62,687280.0,2023-05-15
767,APG,22.62,22.62,22.22,22.38,629531.0,2023-05-16
768,APG,23.225,23.4,22.74,23.28,1715434.0,2023-05-17
769,APG,23.1,23.65,23.08,23.57,1298480.0,2023-05-18
770,APG,23.84,23.84,22.75,23.08,763856.0,2023-05-19
771,APG,23.1,23.3,22.885,23.25,693601.0,2023-05-22
772,APG,23.14,23.51,22.95,23.0,945662.0,2023-05-23
773,APG,22.88,22.89,22.33,22.49,697297.0,2023-05-24
774,APG,22.37,22.65,22.31,22.58,465102.0,2023-05-25
775,APG,22.57,22.85,22.565,22.8,380330.0,2023-05-26
776,APG,22.96,23.22,22.92,23.13,654196.0,2023-05-30
777,APG,23.02,23.205,22.41,22.6,961533.0,2023-05-31
778,APG,22.53,22.86,22.36,22.55,782662.0,2023-06-01
779,APG,22.96,23.6,22.71,23.45,1340782.0,2023-06-02
780,APG,23.47,23.575,23.22,23.53,985132.0,2023-06-05
781,APG,23.48,24.56,23.455,24.36,1401041.0,2023-06-06
782,APG,24.38,24.92,24.38,24.67,1330983.0,2023-06-07
783,APG,24.52,24.815,24.45,24.75,887154.0,2023-06-08
784,APG,24.88,24.88,24.425,24.61,893460.0,2023-06-09
785,APG,24.69,25.32,24.55,25.15,1040607.0,2023-06-12
786,APG,25.2,25.64,25.18,25.5,934107.0,2023-06-13
787,APG,25.56,25.75,25.2,25.42,889195.0,2023-06-14
788,APG,25.37,25.52,25.15,25.33,946253.0,2023-06-15
789,APG,25.54,25.6,25.22,25.58,1523475.0,2023-06-16
790,APG,25.3,25.61,25.225,25.54,731773.0,2023-06-20
791,APG,25.5,25.965,25.36,25.83,949967.0,2023-06-21
792,APG,25.72,25.77,25.46,25.7,652794.0,2023-06-22
793,APG,25.24,25.78,25.17,25.44,6577318.0,2023-06-23
794,APG,25.46,25.9588,25.46,25.69,744899.0,2023-06-26
795,APG,25.76,26.47,25.66,26.27,853310.0,2023-06-27
796,APG,26.33,26.8,26.23,26.62,1213781.0,2023-06-28
797,APG,26.62,27.25,26.62,27.24,994773.0,2023-06-29
798,APG,27.43,27.48,27.14,27.26,960797.0,2023-06-30
799,APG,27.13,27.3,26.9415,27.19,275529.0,2023-07-03
800,APG,26.92,27.1,26.63,26.83,784168.0,2023-07-05
801,APG,26.53,26.64,26.03,26.23,661687.0,2023-07-06
802,APG,26.31,26.595,26.24,26.41,696924.0,2023-07-07
803,APG,26.62,27.2,26.48,27.08,993580.0,2023-07-10
804,APG,27.52,27.71,26.97,27.66,736129.0,2023-07-11
805,APG,28.0,28.17,27.64,27.98,867284.0,2023-07-12
806,APG,28.0,28.52,27.98,28.34,695634.0,2023-07-13
807,APG,28.33,28.38,27.955,28.22,567061.0,2023-07-14
808,APG,28.17,28.69,28.17,28.48,441997.0,2023-07-17
809,APG,28.52,28.73,28.5,28.71,467556.0,2023-07-18
810,APG,28.65,28.745,28.08,28.58,615376.0,2023-07-19
811,APG,28.63,28.67,28.33,28.47,555610.0,2023-07-20
812,APG,28.67,28.78,28.19,28.28,736895.0,2023-07-21
813,APG,28.26,28.52,28.12,28.19,381315.0,2023-07-24
814,APG,28.05,28.35,27.98,28.23,422082.0,2023-07-25
815,APG,28.15,28.345,28.04,28.18,348352.0,2023-07-26
816,APG,28.47,28.47,28.09,28.16,810898.0,2023-07-27
817,APG,28.36,28.625,28.23,28.29,605492.0,2023-07-28
818,APG,28.29,28.78,28.25,28.76,620428.0,2023-07-31
819,APG,28.5,29.21,28.5,29.16,615281.0,2023-08-01
820,APG,28.93,29.07,28.59,28.89,658220.0,2023-08-02
821,APG,29.57,29.57,28.1,28.46,728049.0,2023-08-03
822,APG,28.75,28.89,28.02,28.12,846304.0,2023-08-04
823,APG,28.31,28.47,28.05,28.15,1295740.0,2023-08-07
824,APG,28.16,28.48,27.76,28.44,1093175.0,2023-08-08
825,APG,28.415,28.49,28.0803,28.24,549772.0,2023-08-09
826,APG,28.27,28.51,27.65,28.05,849003.0,2023-08-10
827,APG,28.04,28.31,27.941,28.02,735970.0,2023-08-11
828,APG,27.97,28.47,27.89,28.44,674042.0,2023-08-14
829,APG,28.29,28.41,27.98,28.27,1397995.0,2023-08-15
830,APG,28.41,28.53,28.02,28.04,911828.0,2023-08-16
831,APG,27.88,28.1,27.54,27.65,1176298.0,2023-08-17
832,APG,27.42,28.05,27.32,27.93,754997.0,2023-08-18
833,APG,28.0,28.18,27.4483,27.61,1078485.0,2023-08-21
834,APG,27.73,28.008,27.335,27.35,770510.0,2023-08-22
835,APG,27.44,27.91,27.365,27.81,897320.0,2023-08-23
836,APG,27.82,27.885,27.24,27.25,748151.0,2023-08-24
837,APG,27.34,27.68,26.94,27.47,654477.0,2023-08-25
838,APG,27.58,27.9,27.55,27.59,572434.0,2023-08-28
839,APG,27.51,27.99,27.36,27.96,498397.0,2023-08-29
840,APG,27.99,28.26,27.99,28.1,782577.0,2023-08-30
841,APG,28.13,28.44,28.11,28.15,849790.0,2023-08-31
842,APG,28.36,28.55,28.215,28.41,572082.0,2023-09-01
843,APG,28.26,28.45,27.41,27.59,942433.0,2023-09-05
844,APG,27.57,27.91,27.305,27.39,782965.0,2023-09-06
845,APG,27.35,27.485,26.9,27.29,867937.0,2023-09-07
846,APG,27.27,27.365,26.875,26.91,613636.0,2023-09-08
847,APG,27.12,27.14,26.69,26.88,677162.0,2023-09-11
848,APG,26.8,27.19,26.72,26.91,1175209.0,2023-09-12
849,APG,26.82,26.93,26.4,26.53,937369.0,2023-09-13
850,APG,26.85,27.25,26.82,27.1,919394.0,2023-09-14
851,APG,26.99,27.1,26.45,26.53,2669304.0,2023-09-15
852,APG,26.48,26.695,26.36,26.51,690862.0,2023-09-18
853,APG,26.51,26.76,26.11,26.28,747593.0,2023-09-19
854,APG,26.43,26.78,26.185,26.2,662648.0,2023-09-20
855,APG,25.96,25.96,25.28,25.31,792252.0,2023-09-21
856,APG,25.31,25.76,25.31,25.5,506428.0,2023-09-22
857,APG,25.24,25.845,25.24,25.65,824762.0,2023-09-25
858,APG,25.47,25.86,25.4201,25.56,1064341.0,2023-09-26
859,APG,25.78,26.26,25.645,26.14,1356351.0,2023-09-27
860,APG,26.1,26.74,26.0,26.22,996180.0,2023-09-28
861,APG,26.54,26.54,25.77,25.93,1072499.0,2023-09-29
862,APG,25.7,25.96,25.25,25.43,776636.0,2023-10-02
863,APG,25.27,25.505,24.94,25.42,1774012.0,2023-10-03
864,APG,25.39,25.75,25.19,25.61,854604.0,2023-10-04
865,APG,25.58,26.005,25.51,26.0,1274033.0,2023-10-05
866,APG,26.0,26.475,26.0,26.23,1601100.0,2023-10-06
867,APG,26.0,26.44,26.0,26.33,813222.0,2023-10-09
868,APG,26.43,27.075,26.415,26.59,1094339.0,2023-10-10
869,APG,26.69,26.91,26.61,26.85,1163250.0,2023-10-11
870,APG,27.01,27.045,26.11,26.36,1220713.0,2023-10-12
871,APG,26.4,26.41,25.525,25.66,1007889.0,2023-10-13
872,APG,25.96,26.19,25.82,26.15,1079370.0,2023-10-16
873,APG,26.0,26.73,25.84,26.55,1179090.0,2023-10-17
874,APG,26.27,26.27,25.01,25.3,1733856.0,2023-10-18
875,APG,25.19,25.78,25.05,25.3,1623980.0,2023-10-19
876,APG,25.49,25.49,24.61,25.3,2127307.0,2023-10-20
877,APG,25.18,25.68,25.112,25.32,1308507.0,2023-10-23
878,APG,25.69,25.71,25.1,25.31,862370.0,2023-10-24
879,APG,25.16,25.39,24.98,25.13,1071171.0,2023-10-25
880,APG,25.22,25.67,25.05,25.44,1379985.0,2023-10-26
881,APG,25.53,25.66,25.12,25.45,1640554.0,2023-10-27
882,APG,25.72,25.8,25.46,25.72,1554103.0,2023-10-30
883,APG,25.73,25.9,25.61,25.87,1187764.0,2023-10-31
884,APG,25.8,25.85,25.175,25.78,1764438.0,2023-11-01
885,APG,26.32,27.76,25.515,27.5,2295472.0,2023-11-02
886,APG,28.1,28.26,27.35,27.64,1744448.0,2023-11-03
887,APG,27.57,27.72,27.06,27.32,1761792.0,2023-11-06
888,APG,27.17,27.32,26.65,26.86,1108496.0,2023-11-07
889,APG,26.83,27.36,26.83,26.92,1279284.0,2023-11-08
890,APG,27.08,27.475,27.06,27.14,1102173.0,2023-11-09
891,APG,27.3,28.1,27.09,28.09,1292748.0,2023-11-10
892,APG,27.81,28.36,27.7,28.18,968891.0,2023-11-13
893,APG,28.92,29.36,28.69,28.97,1656452.0,2023-11-14
894,APG,28.92,29.21,28.86,29.09,1445038.0,2023-11-15
895,APG,29.1,29.3,28.97,29.15,853697.0,2023-11-16
896,APG,29.28,29.61,29.16,29.56,1141050.0,2023-11-17
897,APG,29.5,29.8,29.34,29.65,896443.0,2023-11-20
898,APG,29.45,29.94,29.375,29.57,657873.0,2023-11-21
899,APG,29.68,29.889,29.49,29.81,860096.0,2023-11-22
900,APG,29.88,30.005,29.83,29.98,263609.0,2023-11-24
901,APG,29.84,30.4,29.84,30.39,1055434.0,2023-11-27
902,APG,30.18,30.26,29.75,29.78,1146335.0,2023-11-28
903,APG,29.98,30.55,29.98,30.25,1052587.0,2023-11-29
904,APG,30.38,30.525,30.18,30.35,1084160.0,2023-11-30
905,APG,30.23,31.14,29.95,31.06,2162479.0,2023-12-01
906,APG,30.86,30.96,30.19,30.4,1305538.0,2023-12-04
907,APG,30.33,30.45,29.98,30.36,1041571.0,2023-12-05
908,APG,30.57,30.97,30.27,30.27,733848.0,2023-12-06
909,APG,30.31,30.485,30.15,30.33,1068385.0,2023-12-07
910,APG,30.29,30.85,30.29,30.8,1116448.0,2023-12-08
911,APG,30.8,31.39,30.75,31.37,1778913.0,2023-12-11
912,APG,31.38,31.68,31.21,31.5,955967.0,2023-12-12
913,APG,31.65,32.34,31.38,32.12,1438717.0,2023-12-13
914,APG,32.57,33.2,32.36,33.02,2188194.0,2023-12-14
915,APG,33.39,33.48,32.5,33.32,3104615.0,2023-12-15
916,APG,33.35,33.75,33.16,33.69,1685408.0,2023-12-18
917,APG,33.92,34.39,33.92,34.02,1842247.0,2023-12-19
918,APG,33.97,34.39,33.52,33.61,2009344.0,2023-12-20
919,APG,33.98,34.12,33.46,33.76,1263534.0,2023-12-21
920,APG,33.89,34.48,33.74,34.32,1044771.0,2023-12-22
921,APG,34.4,34.84,34.25,34.69,800457.0,2023-12-26
922,APG,34.71,34.915,34.58,34.75,1081851.0,2023-12-27
923,APG,34.64,34.9,34.53,34.78,735797.0,2023-12-28
924,APG,34.74,34.865,34.45,34.6,794348.0,2023-12-29
925,APG,34.28,34.49,32.81,32.88,1504078.0,2024-01-02
926,APG,31.53,31.53,30.52,30.69,5882329.0,2024-01-03
927,APG,30.62,31.0,30.26,30.6,2649685.0,2024-01-04
928,APG,30.56,31.11,30.53,30.99,2439056.0,2024-01-05
929,APG,31.03,31.76,30.9,31.74,1604755.0,2024-01-08
930,APG,31.25,31.35,30.79,30.9,1230555.0,2024-01-09
931,APG,30.85,31.24,30.75,31.19,1713792.0,2024-01-10
932,APG,31.12,31.46,30.89,31.46,1501822.0,2024-01-11
933,APG,31.775,31.87,31.4,31.51,1223689.0,2024-01-12
934,APG,31.34,31.55,31.17,31.5,1292920.0,2024-01-16
935,APG,31.19,31.47,31.16,31.45,932860.0,2024-01-17
936,APG,31.77,31.84,31.26,31.79,1185273.0,2024-01-18
937,APG,31.9,32.0,31.27,31.88,985916.0,2024-01-19
938,APG,32.21,32.44,32.135,32.32,1011011.0,2024-01-22
939,APG,32.62,32.72,31.61,32.05,986971.0,2024-01-23
940,APG,32.41,32.41,31.58,31.6,786707.0,2024-01-24
941,APG,32.28,32.4,31.8,32.07,988143.0,2024-01-25
942,APG,32.19,32.41,32.05,32.3,959327.0,2024-01-26
943,APG,32.3,32.46,32.04,32.33,1398226.0,2024-01-29
944,APG,32.15,32.535,32.11,32.49,792037.0,2024-01-30
945,APG,32.47,32.47,31.49,31.52,1050184.0,2024-01-31
946,APG,31.81,33.255,31.805,33.11,1597124.0,2024-02-01
947,APG,32.86,33.79,32.65,33.61,1047305.0,2024-02-02
948,APG,32.94,33.4,32.78,33.31,1205238.0,2024-02-05
949,APG,33.25,33.71,33.19,33.58,1340650.0,2024-02-06
950,APG,33.75,34.235,33.48,34.15,1009408.0,2024-02-07
951,APG,34.27,34.91,34.06,34.87,1463260.0,2024-02-08
952,APG,34.78,35.3975,34.64,35.19,1252982.0,2024-02-09
953,APG,35.12,35.49,35.07,35.27,810898.0,2024-02-12
954,APG,34.33,34.8,33.88,34.15,1022850.0,2024-02-13
955,APG,34.63,35.0,34.47,34.95,743659.0,2024-02-14
956,APG,35.13,35.58,34.92,35.55,976361.0,2024-02-15
957,APG,35.33,35.53,34.91,34.92,1008462.0,2024-02-16
958,APG,34.38,34.735,34.27,34.65,929348.0,2024-02-20
959,APG,34.65,34.71,34.24,34.5,1117830.0,2024-02-21
960,APG,34.59,35.15,34.58,35.11,978536.0,2024-02-22
961,APG,35.16,35.39,34.895,35.27,1146203.0,2024-02-23
962,APG,35.05,35.94,35.05,35.79,938576.0,2024-02-26
963,APG,36.04,36.23,35.44,35.72,1127034.0,2024-02-27
964,APG,35.6,36.405,34.495,35.0,1807326.0,2024-02-28
965,APG,34.37,35.27,33.83,35.05,3577305.0,2024-02-29
966,APG,35.27,37.43,35.27,37.36,6439443.0,2024-03-01
967,APG,37.76,38.53,37.75,38.4,4802404.0,2024-03-04
968,APG,38.26,38.755,37.8735,38.2,1524952.0,2024-03-05
969,APG,38.38,38.705,38.15,38.38,1142468.0,2024-03-06
970,APG,38.68,39.385,38.58,39.25,1482459.0,2024-03-07
971,APG,39.45,39.945,38.78,38.93,1576165.0,2024-03-08
972,APG,38.7,38.92,38.305,38.59,1348032.0,2024-03-11
973,APG,38.59,38.78,38.1208,38.69,1073205.0,2024-03-12
974,APG,38.75,39.09,38.37,38.5,922030.0,2024-03-13
975,APG,38.49,38.63,37.48,37.86,1299913.0,2024-03-14
976,APG,37.88,38.45,37.87,38.05,2250130.0,2024-03-15
977,APG,38.2,38.43,37.78,37.78,1097924.0,2024-03-18
978,APG,37.72,38.15,37.52,38.07,1357591.0,2024-03-19
979,APG,37.98,38.389,37.58,38.29,1032532.0,2024-03-20
980,APG,38.59,39.18,38.41,39.0,962675.0,2024-03-21
981,APG,39.18,39.18,38.67,38.9,874757.0,2024-03-22
982,APG,39.06,39.48,38.68,38.73,1782371.0,2024-03-25
983,APG,38.86,38.9,38.36,38.38,789175.0,2024-03-26
984,APG,38.8,39.58,38.29,39.54,1819139.0,2024-03-27
985,APG,39.61,39.95,39.17,39.27,1041083.0,2024-03-28
986,APG,39.23,39.23,38.78,38.9,721993.0,2024-04-01
987,APG,38.58,38.8,38.34,38.6,1218177.0,2024-04-02
988,APG,38.4,39.21,38.4,39.02,1038856.0,2024-04-03
989,APG,39.52,39.665,38.631,38.81,1530765.0,2024-04-04
990,APG,38.98,39.565,38.97,39.29,1005438.0,2024-04-05
991,APG,39.69,39.778,39.3645,39.57,974700.0,2024-04-08
992,APG,39.89,39.98,38.92,39.51,775125.0,2024-04-09
993,APG,38.51,39.345,38.17,38.89,1254611.0,2024-04-10
994,APG,38.9,39.535,38.73,39.38,919178.0,2024-04-11
995,APG,39.16,39.33,38.291,38.56,797478.0,2024-04-12
996,APG,39.89,39.95,39.15,39.28,1784237.0,2024-04-15
997,APG,38.94,39.16,38.57,39.11,953026.0,2024-04-16
998,APG,36.9,37.48,36.76,37.06,9414049.0,2024-04-17
999,APG,37.37,37.88,37.14,37.38,4218773.0,2024-04-18
1000,APG,37.32,37.775,36.6,36.98,1589139.0,2024-04-19
1001,APG,37.4,37.47,36.72,37.21,1192575.0,2024-04-22
1002,APG,37.55,38.45,37.27,38.41,1939155.0,2024-04-23
1003,APG,38.44,38.63,37.3,37.51,1459280.0,2024-04-24
1004,APG,37.24,37.76,36.8,37.68,1391040.0,2024-04-25
1005,APG,37.85,38.2,37.7,38.09,1071868.0,2024-04-26
1006,APG,38.27,38.54,38.0,38.48,1172222.0,2024-04-29
1007,APG,38.28,38.59,38.13,38.57,1863056.0,2024-04-30
1008,APG,38.71,38.79,37.81,37.83,1895784.0,2024-05-01
1009,APG,37.63,38.89,36.24,37.34,2170066.0,2024-05-02
1010,APG,37.57,37.9,36.83,36.95,1618203.0,2024-05-03
1011,APG,36.89,37.535,36.8,37.41,1637115.0,2024-05-06
1012,APG,37.5,37.915,37.29,37.82,1303408.0,2024-05-07
1013,APG,37.66,37.9,37.3,37.4,1401594.0,2024-05-08
1014,APG,37.35,37.77,37.19,37.59,1222299.0,2024-05-09
1015,APG,37.76,37.8,37.15,37.33,926810.0,2024-05-10
1016,APG,37.39,37.65,36.75,36.83,948049.0,2024-05-13
1017,APG,37.09,37.09,36.54,37.0,1335565.0,2024-05-14
1018,APG,37.76,37.76,37.06,37.17,1958564.0,2024-05-15
1019,APG,37.09,37.46,36.15,36.32,1970608.0,2024-05-16
1020,APG,36.43,36.58,35.61,35.83,1986190.0,2024-05-17
1021,APG,35.74,36.46,35.68,35.91,1355740.0,2024-05-20
1022,APG,35.69,36.62,35.24,36.62,1642469.0,2024-05-21
1023,APG,36.78,36.88,35.88,36.09,1176895.0,2024-05-22
1024,APG,36.44,36.55,35.86,35.92,1471357.0,2024-05-23
1025,APG,36.1,36.605,35.855,36.41,1068969.0,2024-05-24
1026,APG,36.81,36.81,35.55,35.75,826780.0,2024-05-28
1027,APG,35.45,35.95,35.29,35.35,1308146.0,2024-05-29
1028,APG,35.41,35.76,35.165,35.26,1959484.0,2024-05-30
1029,APG,35.4,35.88,35.16,35.64,2224215.0,2024-05-31
1030,APG,35.96,36.065,35.21,35.86,1818094.0,2024-06-03
1031,APG,36.16,37.64,35.75,37.6,2239758.0,2024-06-04
1032,APG,37.8,38.2636,37.43,37.51,1800669.0,2024-06-05
1033,APG,37.5,38.0,36.98,37.48,1064699.0,2024-06-06
1034,APG,37.46,37.67,37.1,37.35,2408319.0,2024-06-07
1035,APG,36.63,37.96,35.28,37.69,3564109.0,2024-06-10
1036,APG,37.54,37.64,37.12,37.37,1175307.0,2024-06-11
1037,APG,38.19,38.98,38.17,38.63,1578968.0,2024-06-12
1038,APG,38.31,38.6,37.72,38.31,792916.0,2024-06-13
1039,APG,37.9,38.25,37.29,38.06,1357140.0,2024-06-14
1040,APG,37.74,38.69,37.74,38.32,1092414.0,2024-06-17
1041,APG,38.3,38.67,38.16,38.58,1443504.0,2024-06-18
1042,APG,38.41,38.9,38.08,38.32,1713950.0,2024-06-20
1043,APG,38.32,38.5,37.37,38.25,4102501.0,2024-06-21
1044,APG,38.11,38.65,37.87,38.35,1629649.0,2024-06-24
1045,APG,38.2,38.49,37.89,38.46,2263690.0,2024-06-25
1046,APG,38.24,38.47,37.48,37.77,1620796.0,2024-06-26
1047,APG,38.02,38.49,37.67,38.47,2106830.0,2024-06-27
1048,APG,38.58,39.47,37.435,37.63,27692670.0,2024-06-28
1049,APG,37.73,38.05,36.22,36.33,2411929.0,2024-07-01
1050,APG,36.36,36.76,36.22,36.52,2382435.0,2024-07-02
1051,APG,36.61,36.89,36.5,36.89,667738.0,2024-07-03
1052,APG,36.74,36.97,36.48,36.89,820957.0,2024-07-05
1053,APG,37.11,37.3099,36.64,36.73,737445.0,2024-07-08
1054,APG,36.7,36.83,36.42,36.48,1062681.0,2024-07-09
1055,APG,36.78,36.97,36.335,36.97,969562.0,2024-07-10
1056,APG,37.57,38.1033,37.38,37.69,768727.0,2024-07-11
1057,APG,38.09,38.5,37.82,37.96,1234058.0,2024-07-12
1058,APG,38.12,38.26,37.7,37.79,881750.0,2024-07-15
1059,APG,38.07,38.69,37.95,38.37,2456212.0,2024-07-16
1060,APG,38.13,38.165,36.47,36.49,2079589.0,2024-07-17
1061,APG,36.7,37.55,36.35,37.02,2012471.0,2024-07-18
1062,APG,37.01,37.3,36.61,36.72,824647.0,2024-07-19
1063,APG,37.12,37.86,36.93,37.79,2278058.0,2024-07-22
1064,APG,37.68,38.58,37.68,38.16,1007858.0,2024-07-23
1065,APG,37.55,37.87,36.3275,36.36,1051430.0,2024-07-24
1066,APG,36.49,37.25,36.01,36.49,940396.0,2024-07-25
1067,APG,37.26,37.46,36.745,37.19,632020.0,2024-07-26
1068,APG,37.24,37.68,36.92,36.95,1318516.0,2024-07-29
1069,APG,37.16,37.6,36.47,37.22,896317.0,2024-07-30
1070,APG,37.69,38.56,37.6,37.89,1612015.0,2024-07-31
1071,APG,35.26,36.345,33.955,36.25,5022659.0,2024-08-01
1072,APG,35.72,35.72,33.16,34.33,3156236.0,2024-08-02
1073,APG,32.53,33.84,31.97,32.61,3234523.0,2024-08-05
1074,APG,32.58,33.91,32.58,33.2,2308415.0,2024-08-06
1075,APG,33.78,33.78,32.17,32.29,1805727.0,2024-08-07
1076,APG,32.86,33.78,32.31,33.68,1186204.0,2024-08-08
1077,APG,33.87,33.9,33.1,33.8,1405146.0,2024-08-09
1078,APG,33.85,33.85,33.09,33.29,740385.0,2024-08-12
1079,APG,33.51,33.84,33.085,33.67,749327.0,2024-08-13
1080,APG,33.88,33.98,33.47,33.94,800520.0,2024-08-14
1081,APG,34.65,34.72,34.1,34.5,862145.0,2024-08-15
1082,APG,34.47,34.55,34.11,34.21,436198.0,2024-08-16
1083,APG,34.34,34.76,34.06,34.7,577131.0,2024-08-19
1084,APG,34.71,34.77,34.29,34.64,542424.0,2024-08-20
1085,APG,34.66,35.425,34.53,35.17,1192006.0,2024-08-21
1086,APG,35.23,35.45,35.05,35.07,966122.0,2024-08-22
1087,APG,35.33,35.9,34.9487,35.76,997615.0,2024-08-23
1088,APG,35.91,36.33,35.58,35.6,536426.0,2024-08-26
1089,APG,35.52,36.06,35.45,35.59,750762.0,2024-08-27
1090,APG,35.61,35.82,34.91,35.1,637502.0,2024-08-28
1091,APG,35.4,35.95,34.96,35.2,1079043.0,2024-08-29
1092,APG,35.32,35.72,35.16,35.55,975466.0,2024-08-30
1093,APG,35.32,35.32,33.78,33.92,932249.0,2024-09-03
1094,APG,33.7,34.0,33.35,33.43,827404.0,2024-09-04
1095,APG,33.45,33.53,33.04,33.08,638670.0,2024-09-05
1096,APG,33.24,33.54,32.71,32.82,1117422.0,2024-09-06
1097,APG,32.99,33.04,32.36,32.74,1250508.0,2024-09-09
1098,APG,32.85,32.9,32.42,32.73,1127694.0,2024-09-10
1099,APG,32.7,33.84,32.25,33.8,1061116.0,2024-09-11
1100,APG,33.98,34.4,33.66,34.03,1112228.0,2024-09-12
1101,APG,34.43,34.8,34.33,34.47,584300.0,2024-09-13
1102,APG,34.59,34.82,34.16,34.45,784751.0,2024-09-16
