,ticker,open,high,low,close,volume,timestamp
0,ETSY,44.71,45.61,44.71,45.19,2153331.0,2020-01-02
1,ETSY,44.5,45.32,44.02,44.9,2109770.0,2020-01-03
2,ETSY,44.67,45.19,44.36,44.835,2077085.0,2020-01-06
3,ETSY,45.0,46.12,44.9,45.78,1952421.0,2020-01-07
4,ETSY,45.84,46.62,44.875,45.005,3223211.0,2020-01-08
5,ETSY,45.3,46.63,44.8,46.43,2429058.0,2020-01-09
6,ETSY,46.8,46.96,45.89,46.13,1979142.0,2020-01-10
7,ETSY,46.28,48.125,46.09,47.96,3237173.0,2020-01-13
8,ETSY,48.09,49.32,48.02,49.15,4489257.0,2020-01-14
9,ETSY,49.09,50.28,48.55,48.86,2945886.0,2020-01-15
10,ETSY,49.36,51.24,49.28,50.9,3108989.0,2020-01-16
11,ETSY,51.12,51.6199,50.71,51.44,2168927.0,2020-01-17
12,ETSY,51.37,51.39,49.75,50.7,2980745.0,2020-01-21
13,ETSY,51.06,51.78,50.04,50.24,1789101.0,2020-01-22
14,ETSY,50.0,50.46,48.78,50.23,2239206.0,2020-01-23
15,ETSY,50.55,51.21,50.06,50.52,2238741.0,2020-01-24
16,ETSY,48.75,49.58,47.33,49.32,2196457.0,2020-01-27
17,ETSY,49.8,50.43,49.38,49.83,4233085.0,2020-01-28
18,ETSY,49.83,50.98,49.83,50.15,1903217.0,2020-01-29
19,ETSY,49.66,50.41,49.36,50.29,1654707.0,2020-01-30
20,ETSY,50.3,50.35,48.48,48.81,2127911.0,2020-01-31
21,ETSY,49.04,49.8,48.785,49.36,1852686.0,2020-02-03
22,ETSY,49.95,51.25,49.78,50.72,1667544.0,2020-02-04
23,ETSY,51.6,51.6,49.5,49.57,1635367.0,2020-02-05
24,ETSY,49.71,49.75,49.01,49.48,1259321.0,2020-02-06
25,ETSY,49.35,49.9,48.6,49.64,1563701.0,2020-02-07
26,ETSY,49.57,50.47,49.43,50.37,1396896.0,2020-02-10
27,ETSY,50.41,51.45,50.18,50.56,1392331.0,2020-02-11
28,ETSY,51.29,52.59,51.1,52.25,1569613.0,2020-02-12
29,ETSY,51.79,53.14,51.5,52.97,2131891.0,2020-02-13
30,ETSY,53.39,53.54,52.2,53.16,2066192.0,2020-02-14
31,ETSY,53.02,53.8,52.65,53.32,1819716.0,2020-02-18
32,ETSY,53.79,54.25,52.9,53.18,2700663.0,2020-02-19
33,ETSY,53.37,55.475,53.18,54.39,3450994.0,2020-02-20
34,ETSY,54.18,54.27,52.84,53.7,2006145.0,2020-02-21
35,ETSY,50.97,51.94,50.06,51.33,3818601.0,2020-02-24
36,ETSY,52.05,52.76,49.2,49.89,3998469.0,2020-02-25
37,ETSY,50.29,52.65,50.0,50.69,6562992.0,2020-02-26
38,ETSY,55.425,60.08,53.81,57.92,13157402.0,2020-02-27
39,ETSY,56.85,59.82,56.3221,57.81,5816893.0,2020-02-28
40,ETSY,58.02,59.79,56.91,58.84,5573110.0,2020-03-02
41,ETSY,58.92,59.9299,56.82,58.21,4053262.0,2020-03-03
42,ETSY,59.08,63.145,57.85,62.46,4779120.0,2020-03-04
43,ETSY,61.01,63.24,60.83,62.13,3514059.0,2020-03-05
44,ETSY,60.5,62.88,59.25,60.65,3726335.0,2020-03-06
45,ETSY,55.65,59.4599,54.23,58.5,3751327.0,2020-03-09
46,ETSY,60.2,60.74,55.39,57.97,4110612.0,2020-03-10
47,ETSY,56.55,56.97,49.805,50.23,6864103.0,2020-03-11
48,ETSY,45.27,47.85,43.12,44.04,6107642.0,2020-03-12
49,ETSY,46.5,49.06,44.29,49.01,3970191.0,2020-03-13
50,ETSY,44.15,44.29,40.67,41.65,4022817.0,2020-03-16
51,ETSY,42.28,43.14,38.9,42.12,3308658.0,2020-03-17
52,ETSY,39.63,40.4,34.1993,39.25,4641977.0,2020-03-18
53,ETSY,37.75,38.47,33.5885,34.66,8012459.0,2020-03-19
54,ETSY,35.88,36.2,31.0,31.69,5864801.0,2020-03-20
55,ETSY,31.6,33.74,29.95,33.03,4093497.0,2020-03-23
56,ETSY,35.26,39.04,34.03,38.13,5535421.0,2020-03-24
57,ETSY,38.87,43.98,37.65,41.29,4982762.0,2020-03-25
58,ETSY,41.29,44.4,40.86,41.88,4487896.0,2020-03-26
59,ETSY,40.25,40.44,38.07,38.67,3805642.0,2020-03-27
60,ETSY,38.19,38.96,36.79,38.67,3033707.0,2020-03-30
61,ETSY,38.44,40.32,37.38,38.44,2831969.0,2020-03-31
62,ETSY,36.5035,37.5,35.16,35.45,2226035.0,2020-04-01
63,ETSY,34.88,37.04,33.96,34.8,3406812.0,2020-04-02
64,ETSY,34.75,39.5,34.75,38.15,5504213.0,2020-04-03
65,ETSY,41.05,46.87,40.32,46.46,9002289.0,2020-04-06
66,ETSY,49.35,51.06,46.93,47.69,6562773.0,2020-04-07
67,ETSY,48.5,52.08,47.87,51.0,4949890.0,2020-04-08
68,ETSY,52.8199,54.17,51.64,53.68,4105084.0,2020-04-09
69,ETSY,53.43,55.79,51.76,55.44,4305515.0,2020-04-13
70,ETSY,55.76,57.76,54.7,57.66,3852720.0,2020-04-14
71,ETSY,56.0,57.25,54.95,56.72,2187592.0,2020-04-15
72,ETSY,57.4,59.99,56.64,59.72,3787253.0,2020-04-16
73,ETSY,60.73,61.63,59.76,61.06,3152743.0,2020-04-17
74,ETSY,60.78,66.2542,60.3,65.05,6021699.0,2020-04-20
75,ETSY,65.43,66.55,60.7,61.37,7521016.0,2020-04-21
76,ETSY,63.7,64.33,62.26,62.75,2876245.0,2020-04-22
77,ETSY,63.34,63.4,61.78,62.85,1986808.0,2020-04-23
78,ETSY,64.05,67.02,63.61,66.19,3530230.0,2020-04-24
79,ETSY,67.37,70.58,67.25,69.28,3829548.0,2020-04-27
80,ETSY,70.22,71.2,66.06,66.25,5554616.0,2020-04-28
81,ETSY,66.92,69.11,65.77,68.33,2871875.0,2020-04-29
82,ETSY,67.48,68.85,63.795,64.87,4339710.0,2020-04-30
83,ETSY,63.16,64.6,61.31,64.445,3334441.0,2020-05-01
84,ETSY,63.99,68.18,63.21,67.69,2363860.0,2020-05-04
85,ETSY,70.1,76.5,70.03,72.79,9153391.0,2020-05-05
86,ETSY,74.85,78.63,72.08,78.24,6919489.0,2020-05-06
87,ETSY,74.38,78.84,73.31,76.59,6841518.0,2020-05-07
88,ETSY,76.86,81.69,75.39,80.71,4848814.0,2020-05-08
89,ETSY,80.37,82.62,79.63,80.28,3095414.0,2020-05-11
90,ETSY,80.25,82.97,78.9,79.02,3485021.0,2020-05-12
91,ETSY,80.31,82.45,76.89,81.55,3403411.0,2020-05-13
92,ETSY,80.45,83.18,79.74,81.63,3737321.0,2020-05-14
93,ETSY,82.27,85.84,80.61,85.63,3037632.0,2020-05-15
94,ETSY,86.975,88.02,78.03,78.18,6061881.0,2020-05-18
95,ETSY,79.18,80.24,76.01,77.085,6443862.0,2020-05-19
96,ETSY,78.55,79.28,73.33,75.295,5077595.0,2020-05-20
97,ETSY,75.56,75.93,73.11,74.31,3168322.0,2020-05-21
98,ETSY,74.43,78.15,73.4025,77.48,2799004.0,2020-05-22
99,ETSY,78.42,78.88,73.07,74.08,3640800.0,2020-05-26
100,ETSY,72.9,76.7,69.35,76.24,4427991.0,2020-05-27
101,ETSY,75.96,80.2,75.31,77.81,2892274.0,2020-05-28
102,ETSY,78.54,81.619,78.4,80.98,3184116.0,2020-05-29
103,ETSY,80.5,81.91,78.34,78.59,2290410.0,2020-06-01
104,ETSY,78.86,82.5506,78.07,81.86,3021515.0,2020-06-02
105,ETSY,81.8,82.33,79.34,80.66,2889164.0,2020-06-03
106,ETSY,81.72,86.01,79.54,80.3,3968680.0,2020-06-04
107,ETSY,80.52,80.59,76.03,78.72,2982298.0,2020-06-05
108,ETSY,78.07,78.5,74.82,76.47,2984176.0,2020-06-08
109,ETSY,76.49,78.98,76.08,76.37,2208930.0,2020-06-09
110,ETSY,80.87,82.93,78.51,79.81,4330514.0,2020-06-10
111,ETSY,78.56,80.45,76.715,77.52,3711709.0,2020-06-11
112,ETSY,79.02,80.67,76.62,79.76,2530858.0,2020-06-12
113,ETSY,79.06,84.62,79.06,83.91,4236157.0,2020-06-15
114,ETSY,85.0,85.86,82.25,84.55,2547546.0,2020-06-16
115,ETSY,85.72,87.1,84.8,86.32,1893285.0,2020-06-17
116,ETSY,86.46,87.2723,85.12,87.0,1761777.0,2020-06-18
117,ETSY,88.0,95.73,87.07,95.39,7135916.0,2020-06-19
118,ETSY,95.58,99.41,95.53,96.3,3761546.0,2020-06-22
119,ETSY,99.04,103.94,97.21,101.22,5783150.0,2020-06-23
120,ETSY,101.4,103.4099,96.53,98.17,4065614.0,2020-06-24
121,ETSY,98.3,102.39,96.57,101.28,3737663.0,2020-06-25
122,ETSY,102.27,104.28,100.175,102.54,4596980.0,2020-06-26
123,ETSY,102.11,103.14,98.8,102.89,3207306.0,2020-06-29
124,ETSY,103.26,107.3183,102.71,106.23,4232858.0,2020-06-30
125,ETSY,105.5,111.76,105.5,111.21,3273502.0,2020-07-01
126,ETSY,113.36,113.42,109.18,110.68,2555559.0,2020-07-02
127,ETSY,113.22,115.5014,111.51,112.97,2557146.0,2020-07-06
128,ETSY,112.61,114.72,110.795,112.21,2954927.0,2020-07-07
129,ETSY,112.93,114.74,109.4848,111.9,3012842.0,2020-07-08
130,ETSY,112.15,115.45,111.77,114.51,2289646.0,2020-07-09
131,ETSY,113.68,113.995,109.85,111.29,2613410.0,2020-07-10
132,ETSY,113.0,113.75,103.34,104.57,2994270.0,2020-07-13
133,ETSY,103.45,104.89,99.17,103.74,3887271.0,2020-07-14
134,ETSY,101.81,103.24,99.13,101.97,2855788.0,2020-07-15
135,ETSY,100.62,103.9887,99.41,103.34,2080490.0,2020-07-16
136,ETSY,104.42,105.49,101.13,102.71,1851129.0,2020-07-17
137,ETSY,102.84,107.13,102.84,106.69,2115081.0,2020-07-20
138,ETSY,108.0,108.71,103.76,104.65,1534741.0,2020-07-21
139,ETSY,105.22,106.3232,102.66,104.23,1284173.0,2020-07-22
140,ETSY,104.97,106.77,100.7,102.46,1456821.0,2020-07-23
141,ETSY,100.83,102.73,97.5001,101.59,1378788.0,2020-07-24
142,ETSY,102.6029,106.775,101.59,105.95,1986551.0,2020-07-27
143,ETSY,105.63,105.68,101.99,102.45,1736426.0,2020-07-28
144,ETSY,104.0,109.06,104.0,108.69,2766207.0,2020-07-29
145,ETSY,107.8919,112.79,107.53,112.38,2305181.0,2020-07-30
146,ETSY,116.67,118.48,114.2917,118.38,3721346.0,2020-07-31
147,ETSY,121.0,127.1696,121.0,126.62,4663225.0,2020-08-03
148,ETSY,128.7665,130.08,124.61,129.8,4459901.0,2020-08-04
149,ETSY,131.815,136.29,130.36,135.52,9371803.0,2020-08-05
150,ETSY,133.68,138.95,126.57,130.66,9819040.0,2020-08-06
151,ETSY,131.44,137.78,131.0,135.06,5898490.0,2020-08-07
152,ETSY,139.24,141.41,131.11,134.72,4282410.0,2020-08-10
153,ETSY,132.1,132.51,127.1701,127.5,4339070.0,2020-08-11
154,ETSY,128.53,128.9299,121.8,122.05,4755497.0,2020-08-12
155,ETSY,122.66,131.72,122.5637,128.73,5456920.0,2020-08-13
156,ETSY,130.27,130.9899,127.52,129.26,2052611.0,2020-08-14
157,ETSY,131.4,131.85,128.565,129.72,2192837.0,2020-08-17
158,ETSY,130.21,135.345,128.28,133.01,3556011.0,2020-08-18
159,ETSY,132.18,133.76,128.61,131.13,2859077.0,2020-08-19
160,ETSY,130.26,131.51,129.03,130.09,5722548.0,2020-08-20
161,ETSY,129.9986,133.08,128.51,130.37,2895667.0,2020-08-21
162,ETSY,132.4,133.89,127.83,128.74,3870229.0,2020-08-24
163,ETSY,127.9535,129.625,124.1528,125.48,3601535.0,2020-08-25
164,ETSY,126.35,128.68,125.46,126.91,2499244.0,2020-08-26
165,ETSY,127.06,127.608,121.71,122.37,2399141.0,2020-08-27
166,ETSY,123.0,123.32,117.77,119.66,3705014.0,2020-08-28
167,ETSY,119.66,120.5799,116.63,119.7,3322469.0,2020-08-31
168,ETSY,121.1949,126.05,119.9771,125.05,3047366.0,2020-09-01
169,ETSY,128.3,129.94,120.25,124.37,3754431.0,2020-09-02
170,ETSY,119.81,121.16,113.33,116.2,4775178.0,2020-09-03
171,ETSY,114.23,116.82,103.06,112.04,7500227.0,2020-09-04
172,ETSY,113.38,118.2,108.37,110.56,9726339.0,2020-09-08
173,ETSY,112.705,114.89,109.43,112.71,4741931.0,2020-09-09
174,ETSY,113.48,117.9999,110.2539,110.57,4157753.0,2020-09-10
175,ETSY,113.08,116.59,109.94,110.77,4450058.0,2020-09-11
176,ETSY,111.77,115.0,109.39,112.55,4737451.0,2020-09-14
177,ETSY,113.48,114.0,109.16,111.005,3489828.0,2020-09-15
178,ETSY,111.1,112.65,108.5382,108.8,2826212.0,2020-09-16
179,ETSY,105.29,109.23,104.3,109.23,4116914.0,2020-09-17
180,ETSY,110.685,113.29,109.11,111.75,26303631.0,2020-09-18
181,ETSY,110.43,116.33,109.7932,116.01,4219502.0,2020-09-21
182,ETSY,118.0,119.75,112.6,119.35,4759898.0,2020-09-22
183,ETSY,119.29,121.37,114.05,115.09,4063584.0,2020-09-23
184,ETSY,112.55,116.1,109.52,113.68,4339242.0,2020-09-24
185,ETSY,113.7,118.685,113.01,118.28,2572561.0,2020-09-25
186,ETSY,120.37,123.95,119.19,123.69,3456531.0,2020-09-28
187,ETSY,123.61,125.7,121.26,123.23,2622694.0,2020-09-29
188,ETSY,123.19,125.59,120.14,121.63,2525432.0,2020-09-30
189,ETSY,124.1,133.09,123.25,131.69,5745070.0,2020-10-01
190,ETSY,127.49,133.33,127.27,131.63,3783142.0,2020-10-02
191,ETSY,132.69,136.84,130.7,136.69,2738278.0,2020-10-05
192,ETSY,137.0,139.26,134.1,134.56,3046548.0,2020-10-06
193,ETSY,136.63,143.1,136.45,142.66,3804244.0,2020-10-07
194,ETSY,145.0,145.15,139.16,139.54,3201980.0,2020-10-08
195,ETSY,140.7,147.3,140.07,146.67,3358819.0,2020-10-09
196,ETSY,149.0,151.201,146.55,147.38,3279321.0,2020-10-12
197,ETSY,148.19,154.73,147.6101,153.2,3357401.0,2020-10-13
198,ETSY,153.8,154.88,147.66,149.97,3181476.0,2020-10-14
199,ETSY,145.38,150.9,143.45,150.67,2210468.0,2020-10-15
200,ETSY,151.98,152.53,147.15,147.59,1765552.0,2020-10-16
201,ETSY,148.75,151.8,146.36,148.37,2326264.0,2020-10-19
202,ETSY,147.54,150.24,144.51,144.79,2551074.0,2020-10-20
203,ETSY,144.62,145.63,132.69,133.01,5555031.0,2020-10-21
204,ETSY,133.9,138.0,132.845,135.94,3332266.0,2020-10-22
205,ETSY,136.16,138.43,134.125,137.845,2099718.0,2020-10-23
206,ETSY,137.49,143.11,136.2,139.73,3256182.0,2020-10-26
207,ETSY,141.48,147.65,141.295,145.78,4580177.0,2020-10-27
208,ETSY,143.3,145.145,138.92,139.64,4827555.0,2020-10-28
209,ETSY,138.285,138.94,128.13,132.42,7810944.0,2020-10-29
210,ETSY,130.51,131.7031,119.71,121.59,5604657.0,2020-10-30
211,ETSY,123.2281,127.73,121.57,126.44,3837815.0,2020-11-02
212,ETSY,127.9564,131.99,125.5875,130.45,2937159.0,2020-11-03
213,ETSY,135.5,138.79,133.5098,136.2,3635934.0,2020-11-04
214,ETSY,140.0,144.95,138.1247,143.64,2741357.0,2020-11-05
215,ETSY,143.68,146.6,140.55,146.28,2591103.0,2020-11-06
216,ETSY,130.96,134.0,116.31,121.2,10638517.0,2020-11-09
217,ETSY,126.22,126.4,113.4866,119.43,6264807.0,2020-11-10
218,ETSY,121.92,131.07,121.79,130.59,5260721.0,2020-11-11
219,ETSY,129.64,133.5,125.8101,127.03,3878032.0,2020-11-12
220,ETSY,128.55,129.995,123.33,124.92,3471705.0,2020-11-13
221,ETSY,122.54,127.24,120.5,125.62,3497720.0,2020-11-16
222,ETSY,126.7102,128.94,123.6,128.82,2503297.0,2020-11-17
223,ETSY,127.84,129.24,124.7,127.01,2538649.0,2020-11-18
224,ETSY,128.0,134.7,127.445,134.5,3011077.0,2020-11-19
225,ETSY,136.52,143.9599,136.265,140.06,4421206.0,2020-11-20
226,ETSY,141.0,143.23,138.22,140.2,2596504.0,2020-11-23
227,ETSY,139.99,140.0396,133.65,137.6,3333545.0,2020-11-24
228,ETSY,138.63,146.95,138.51,145.09,3551953.0,2020-11-25
229,ETSY,148.72,160.6296,148.53,160.55,5023016.0,2020-11-27
230,ETSY,161.94,164.64,153.36,160.7,11341614.0,2020-11-30
231,ETSY,161.51,161.51,154.1,154.67,3254227.0,2020-12-01
232,ETSY,151.375,155.6,150.0,154.62,2195947.0,2020-12-02
233,ETSY,154.49,157.0205,154.2,154.74,2016084.0,2020-12-03
234,ETSY,154.13,157.09,153.2219,155.03,1967585.0,2020-12-04
235,ETSY,155.5983,158.8799,153.61,156.93,1942480.0,2020-12-07
236,ETSY,158.85,167.9155,156.8,163.97,3272537.0,2020-12-08
237,ETSY,165.94,167.52,157.6401,159.23,3891022.0,2020-12-09
238,ETSY,157.3,167.62,157.0,165.3,2593618.0,2020-12-10
239,ETSY,166.08,171.66,165.72,170.02,3064479.0,2020-12-11
240,ETSY,172.25,176.48,169.66,169.97,3072326.0,2020-12-14
241,ETSY,172.0,179.93,170.51,177.8,3380649.0,2020-12-15
242,ETSY,173.69,182.78,171.34,182.34,4292726.0,2020-12-16
243,ETSY,184.32,192.09,183.33,188.1,4322550.0,2020-12-17
244,ETSY,190.59,191.73,184.69,190.76,5352792.0,2020-12-18
245,ETSY,189.16,193.0,184.55,189.2,3033982.0,2020-12-21
246,ETSY,191.11,198.5,190.4428,197.38,3383280.0,2020-12-22
247,ETSY,196.9,197.38,190.03,190.17,2099294.0,2020-12-23
248,ETSY,191.21,193.74,188.08,190.31,1116600.0,2020-12-24
249,ETSY,193.58,194.0,175.84,178.12,4221689.0,2020-12-28
250,ETSY,179.645,180.0,173.69,177.01,2359690.0,2020-12-29
251,ETSY,178.3,183.41,176.12,183.18,2125623.0,2020-12-30
252,ETSY,183.13,183.38,175.8,177.91,2076858.0,2020-12-31
253,ETSY,179.52,181.6,168.2516,172.08,3262013.0,2021-01-04
254,ETSY,170.19,175.77,169.0622,174.98,2168224.0,2021-01-05
255,ETSY,172.11,173.16,166.33,167.57,2965997.0,2021-01-06
256,ETSY,170.3,173.5,167.25,170.79,2785173.0,2021-01-07
257,ETSY,172.91,179.73,171.76,175.65,2470361.0,2021-01-08
258,ETSY,174.1,187.76,171.02,183.04,3820960.0,2021-01-11
259,ETSY,185.06,211.85,184.75,205.15,9358341.0,2021-01-12
260,ETSY,204.61,209.04,200.87,207.03,2925015.0,2021-01-13
261,ETSY,207.25,221.1199,207.0,211.52,5038639.0,2021-01-14
262,ETSY,211.21,211.99,197.16,204.42,3601478.0,2021-01-15
263,ETSY,208.66,221.34,208.0,221.31,4514961.0,2021-01-19
264,ETSY,223.43,225.74,213.72,215.69,3436321.0,2021-01-20
265,ETSY,218.55,221.44,212.3,212.54,2939856.0,2021-01-21
266,ETSY,211.17,215.145,209.14,213.59,2162690.0,2021-01-22
267,ETSY,217.0,221.44,205.4,208.81,2341403.0,2021-01-25
268,ETSY,225.94,226.725,203.0,204.41,8013685.0,2021-01-26
269,ETSY,199.25,205.6501,192.0,193.37,3648199.0,2021-01-27
270,ETSY,196.435,207.1299,193.13,202.41,2986329.0,2021-01-28
271,ETSY,201.65,203.6699,193.68,199.09,2271072.0,2021-01-29
272,ETSY,201.68,204.615,195.68,203.77,1800745.0,2021-02-01
273,ETSY,207.4,213.4241,206.3471,210.29,1976324.0,2021-02-02
274,ETSY,211.76,215.1599,208.0186,210.07,1727016.0,2021-02-03
275,ETSY,211.7,221.9577,211.7,220.84,3185603.0,2021-02-04
276,ETSY,222.0,239.47,220.32,231.12,3817588.0,2021-02-05
277,ETSY,233.14,238.95,226.35,231.69,2993243.0,2021-02-08
278,ETSY,229.26,231.65,226.65,229.87,1664306.0,2021-02-09
279,ETSY,232.19,232.2438,220.52,225.65,1689639.0,2021-02-10
280,ETSY,227.1015,230.04,223.7302,226.05,1521371.0,2021-02-11
281,ETSY,227.71,235.1,224.57,233.86,1808207.0,2021-02-12
282,ETSY,238.95,239.25,226.095,228.32,2165876.0,2021-02-16
283,ETSY,224.92,225.0,214.07,222.41,2391743.0,2021-02-17
284,ETSY,216.05,225.31,215.1041,220.82,1525662.0,2021-02-18
285,ETSY,224.09,230.43,223.61,227.27,1828095.0,2021-02-19
286,ETSY,222.86,225.66,211.75,213.12,2652226.0,2021-02-22
287,ETSY,203.07,211.9193,191.0,210.75,3646089.0,2021-02-23
288,ETSY,209.99,212.8781,202.2647,209.1,2179011.0,2021-02-24
289,ETSY,205.085,214.0,194.77,197.58,3698658.0,2021-02-25
290,ETSY,224.0,232.29,206.37,220.27,11049030.0,2021-02-26
291,ETSY,224.57,248.45,223.65,244.58,6681210.0,2021-03-01
292,ETSY,243.5,251.86,236.78,238.43,3690857.0,2021-03-02
293,ETSY,235.2,238.29,206.79,208.61,7227301.0,2021-03-03
294,ETSY,207.51,212.9699,186.99,198.1,6511383.0,2021-03-04
295,ETSY,201.01,203.435,179.23,200.3,5644752.0,2021-03-05
296,ETSY,199.535,209.56,189.8,190.26,3910121.0,2021-03-08
297,ETSY,202.97,210.13,198.8613,206.79,3710006.0,2021-03-09
298,ETSY,212.96,215.485,203.25,205.93,2739184.0,2021-03-10
299,ETSY,214.97,224.0,212.725,220.84,3406033.0,2021-03-11
300,ETSY,212.28,222.67,205.0,221.14,2763706.0,2021-03-12
301,ETSY,220.53,223.5,216.01,223.23,2578706.0,2021-03-15
302,ETSY,226.89,228.0,210.75,215.98,2451918.0,2021-03-16
303,ETSY,208.5,221.19,204.53,218.44,4325439.0,2021-03-17
304,ETSY,211.395,219.7179,208.87,209.51,3425564.0,2021-03-18
305,ETSY,210.3119,224.107,209.4,215.41,4843251.0,2021-03-19
306,ETSY,219.5531,223.1881,217.0,219.77,3106970.0,2021-03-22
307,ETSY,222.6163,231.34,218.09,219.67,3754823.0,2021-03-23
308,ETSY,220.85,221.0,197.87,199.18,3865994.0,2021-03-24
309,ETSY,193.33,201.095,190.5,196.2,3432842.0,2021-03-25
310,ETSY,197.4944,202.55,193.65,202.32,2667439.0,2021-03-26
311,ETSY,203.42,204.0,195.155,196.31,2026029.0,2021-03-29
312,ETSY,192.8,203.66,191.0,198.87,2648748.0,2021-03-30
313,ETSY,202.9,208.49,201.34,201.67,2512635.0,2021-03-31
314,ETSY,206.4381,212.14,205.4,208.2,1775484.0,2021-04-01
315,ETSY,211.99,211.99,196.13,197.2,3628757.0,2021-04-05
316,ETSY,199.4358,208.57,197.3132,206.01,3038845.0,2021-04-06
317,ETSY,204.5,205.75,199.275,204.02,2208132.0,2021-04-07
318,ETSY,206.0,216.29,205.795,215.39,3606045.0,2021-04-08
319,ETSY,214.24,221.67,212.86,218.57,2723469.0,2021-04-09
320,ETSY,216.8725,220.51,214.1,218.13,1878944.0,2021-04-12
321,ETSY,222.445,225.84,220.292,224.03,2023614.0,2021-04-13
322,ETSY,225.04,227.0,216.19,218.07,1723242.0,2021-04-14
323,ETSY,221.37,223.5,216.31,219.29,1818946.0,2021-04-15
324,ETSY,220.3,221.1365,213.6,219.99,1524961.0,2021-04-16
325,ETSY,216.875,219.19,211.87,213.19,2236580.0,2021-04-19
326,ETSY,212.0,212.5,200.88,206.86,2768234.0,2021-04-20
327,ETSY,204.34,210.82,202.33,209.76,1687036.0,2021-04-21
328,ETSY,209.83,215.46,207.503,210.28,1701399.0,2021-04-22
329,ETSY,212.6,216.75,211.0,214.59,1476358.0,2021-04-23
330,ETSY,211.0,212.0,203.8,205.18,4198922.0,2021-04-26
331,ETSY,206.16,210.8,206.0,207.49,2288762.0,2021-04-27
332,ETSY,206.26,212.97,202.5,211.35,1898706.0,2021-04-28
333,ETSY,212.28,212.34,201.801,208.8,2316824.0,2021-04-29
334,ETSY,206.34,207.95,198.08,198.79,3159133.0,2021-04-30
335,ETSY,200.4,200.91,189.27,190.71,3603591.0,2021-05-03
336,ETSY,185.11,191.29,183.2,188.45,3529396.0,2021-05-04
337,ETSY,190.99,194.99,181.51,184.57,5618643.0,2021-05-05
338,ETSY,167.01,170.648,154.0,157.68,15673731.0,2021-05-06
339,ETSY,163.93,165.6166,158.65,165.51,5859709.0,2021-05-07
340,ETSY,163.01,170.98,161.78,167.13,5095394.0,2021-05-10
341,ETSY,159.55,170.75,158.71,169.84,4016961.0,2021-05-11
342,ETSY,165.33,169.07,158.41,159.34,3313614.0,2021-05-12
343,ETSY,163.3368,164.5,153.8,156.59,3093211.0,2021-05-13
344,ETSY,159.01,163.84,157.14,163.11,2330513.0,2021-05-14
345,ETSY,162.674,165.4,160.0601,165.18,1933193.0,2021-05-17
346,ETSY,165.81,170.11,164.6,167.25,3103218.0,2021-05-18
347,ETSY,164.2979,166.27,161.3901,165.42,2510814.0,2021-05-19
348,ETSY,166.28,175.14,166.02,172.36,3159839.0,2021-05-20
349,ETSY,173.0,173.5,167.13,167.56,2527577.0,2021-05-21
350,ETSY,169.73,169.9,164.22,165.18,2393038.0,2021-05-24
351,ETSY,166.87,170.62,166.43,167.05,1558824.0,2021-05-25
352,ETSY,168.2,169.3999,166.56,168.22,1423751.0,2021-05-26
353,ETSY,168.61,168.61,162.5,166.74,2984226.0,2021-05-27
354,ETSY,166.1,167.855,164.62,164.73,1952421.0,2021-05-28
355,ETSY,165.95,167.32,161.8837,163.46,2448887.0,2021-06-01
356,ETSY,164.42,176.85,163.6503,175.14,4900644.0,2021-06-02
357,ETSY,172.08,172.58,165.11,165.74,3336612.0,2021-06-03
358,ETSY,167.41,168.3,162.395,164.18,2269420.0,2021-06-04
359,ETSY,164.56,169.5,163.88,168.32,2763692.0,2021-06-07
360,ETSY,166.36,171.9,166.36,170.21,2623282.0,2021-06-08
361,ETSY,172.175,174.69,167.01,167.3,5125577.0,2021-06-09
362,ETSY,167.05,170.03,166.07,167.15,2348209.0,2021-06-10
363,ETSY,167.77,168.2427,164.66,165.82,2432152.0,2021-06-11
364,ETSY,166.7704,172.1841,166.05,170.3,2668893.0,2021-06-14
365,ETSY,171.87,172.0,163.82,166.06,2633633.0,2021-06-15
366,ETSY,167.35,169.29,164.52,167.37,2560995.0,2021-06-16
367,ETSY,166.02,172.31,165.52,169.64,2503193.0,2021-06-17
368,ETSY,168.99,171.37,167.69,169.82,3505323.0,2021-06-18
369,ETSY,169.75,171.8599,165.15,170.79,2134926.0,2021-06-21
370,ETSY,170.63,179.0,170.59,177.98,4224421.0,2021-06-22
371,ETSY,179.11,182.21,178.12,179.45,2934801.0,2021-06-23
372,ETSY,181.45,184.96,178.77,181.52,2574623.0,2021-06-24
373,ETSY,183.77,187.9881,183.1044,184.8,3087618.0,2021-06-25
374,ETSY,187.77,199.18,187.77,198.41,4933009.0,2021-06-28
375,ETSY,198.81,203.555,195.02,202.53,3828061.0,2021-06-29
376,ETSY,202.46,206.62,201.36,205.84,3117147.0,2021-06-30
377,ETSY,206.41,207.8416,198.23,199.51,3268495.0,2021-07-01
378,ETSY,200.2,202.3932,195.83,197.57,1806084.0,2021-07-02
379,ETSY,197.39,199.13,193.08,197.81,2478964.0,2021-07-06
380,ETSY,198.54,199.01,190.34,192.9,1795279.0,2021-07-07
381,ETSY,186.0,196.6431,185.1,196.02,1761355.0,2021-07-08
382,ETSY,196.41,196.95,193.52,195.09,1605320.0,2021-07-09
383,ETSY,196.05,200.03,190.2328,194.3,2697482.0,2021-07-12
384,ETSY,193.99,193.99,188.0,188.5,2543515.0,2021-07-13
385,ETSY,189.79,190.58,182.3114,182.86,2855579.0,2021-07-14
386,ETSY,182.86,186.6899,179.71,182.3,2368667.0,2021-07-15
387,ETSY,183.55,187.48,183.2,184.42,1867188.0,2021-07-16
388,ETSY,181.11,192.46,180.24,190.33,2600896.0,2021-07-19
389,ETSY,192.5,195.77,187.79,194.87,2068512.0,2021-07-20
390,ETSY,194.07,195.92,191.04,195.8,1467901.0,2021-07-21
391,ETSY,196.93,202.98,196.93,201.85,2625858.0,2021-07-22
392,ETSY,202.23,211.82,199.69,208.86,2789178.0,2021-07-23
393,ETSY,207.47,209.25,205.5001,206.05,1588593.0,2021-07-26
394,ETSY,205.68,206.36,191.82,199.48,2793414.0,2021-07-27
395,ETSY,200.47,204.77,199.27,202.94,1688725.0,2021-07-28
396,ETSY,202.34,204.11,197.89,198.98,1429342.0,2021-07-29
397,ETSY,190.62,192.55,182.39,183.51,4752573.0,2021-07-30
398,ETSY,186.13,192.52,182.61,188.89,2651477.0,2021-08-02
399,ETSY,189.37,193.77,187.27,190.46,2600900.0,2021-08-03
400,ETSY,192.54,205.89,191.675,202.1,6194512.0,2021-08-04
401,ETSY,175.0,193.3479,174.905,182.41,10977727.0,2021-08-05
402,ETSY,183.007,183.32,177.625,178.36,4167142.0,2021-08-06
403,ETSY,178.0,186.7499,177.7984,183.1,3241868.0,2021-08-09
404,ETSY,183.22,190.37,183.22,188.46,2804821.0,2021-08-10
405,ETSY,187.65,194.25,186.63,193.96,2828416.0,2021-08-11
406,ETSY,193.24,196.455,189.48,193.24,1500890.0,2021-08-12
407,ETSY,192.53,193.0,189.5224,192.08,1384124.0,2021-08-13
408,ETSY,191.37,192.34,186.76,190.42,2151363.0,2021-08-16
409,ETSY,188.27,194.8099,187.59,194.3,2369248.0,2021-08-17
410,ETSY,193.83,197.42,190.27,190.8,2115163.0,2021-08-18
411,ETSY,189.7,196.9899,188.02,192.28,2567006.0,2021-08-19
412,ETSY,192.22,199.32,192.22,199.27,2437731.0,2021-08-20
413,ETSY,199.4,200.25,193.56,196.58,2435732.0,2021-08-23
414,ETSY,198.65,201.55,194.72,201.4,2080683.0,2021-08-24
415,ETSY,201.3,203.79,197.98,202.28,1166378.0,2021-08-25
416,ETSY,203.0,215.98,202.43,212.59,4068576.0,2021-08-26
417,ETSY,210.0,212.84,208.35,210.4,2029131.0,2021-08-27
418,ETSY,210.76,218.9562,210.4,217.71,1821708.0,2021-08-30
419,ETSY,217.23,217.93,211.57,216.26,1894857.0,2021-08-31
420,ETSY,216.59,220.93,215.81,216.78,2161206.0,2021-09-01
421,ETSY,217.32,219.5,213.1,213.49,1602935.0,2021-09-02
422,ETSY,213.05,221.36,212.4,220.38,1911936.0,2021-09-03
423,ETSY,219.965,220.0,212.08,216.44,2020471.0,2021-09-07
424,ETSY,217.0,217.98,213.39,214.77,1641824.0,2021-09-08
425,ETSY,214.33,218.95,214.05,216.63,1346201.0,2021-09-09
426,ETSY,219.1,221.86,216.85,217.02,1401281.0,2021-09-10
427,ETSY,215.39,215.56,205.39,212.6,1904230.0,2021-09-13
428,ETSY,213.09,217.85,212.55,214.31,1533303.0,2021-09-14
429,ETSY,214.94,218.695,211.64,217.42,1603052.0,2021-09-15
430,ETSY,216.91,224.23,215.9,224.15,1902527.0,2021-09-16
431,ETSY,224.34,228.89,223.48,226.98,3405361.0,2021-09-17
432,ETSY,219.495,223.2399,213.93,217.66,2328365.0,2021-09-20
433,ETSY,220.87,222.45,215.43,220.59,1478922.0,2021-09-21
434,ETSY,220.47,221.37,217.3848,219.37,1669618.0,2021-09-22
435,ETSY,219.76,225.47,219.17,223.66,2096988.0,2021-09-23
436,ETSY,222.0853,223.9699,218.38,222.85,1310536.0,2021-09-24
437,ETSY,220.76,226.0,219.5,225.78,1554614.0,2021-09-27
438,ETSY,222.49,224.19,207.77,212.35,2694781.0,2021-09-28
439,ETSY,213.865,215.45,205.07,205.3,1921340.0,2021-09-29
440,ETSY,206.59,211.18,206.375,207.96,2025949.0,2021-09-30
441,ETSY,206.77,208.33,198.51,204.37,1995595.0,2021-10-01
442,ETSY,200.27,201.15,194.37,198.72,1882085.0,2021-10-04
443,ETSY,200.06,204.93,198.8,203.64,1286543.0,2021-10-05
444,ETSY,201.59,209.66,201.0,209.53,1539473.0,2021-10-06
445,ETSY,212.15,219.12,211.01,216.52,1802581.0,2021-10-07
446,ETSY,216.43,219.4874,211.25,212.02,1712990.0,2021-10-08
447,ETSY,210.28,210.65,202.17,202.34,2212317.0,2021-10-11
448,ETSY,204.76,214.86,203.0501,213.14,2236218.0,2021-10-12
449,ETSY,214.87,216.75,212.43,213.75,1032607.0,2021-10-13
450,ETSY,216.15,221.14,215.72,215.9,1378509.0,2021-10-14
451,ETSY,218.0,222.08,216.625,221.09,1389544.0,2021-10-15
452,ETSY,220.94,230.843,219.29,228.0,2519494.0,2021-10-18
453,ETSY,228.29,230.15,226.185,226.41,1432358.0,2021-10-19
454,ETSY,228.0,233.275,224.84,233.12,1997052.0,2021-10-20
455,ETSY,232.61,238.7261,231.12,235.98,1735163.0,2021-10-21
456,ETSY,232.66,242.45,232.66,241.27,1855252.0,2021-10-22
457,ETSY,243.5,253.05,243.5,252.57,3496301.0,2021-10-25
458,ETSY,252.58,255.76,244.85,247.52,2161821.0,2021-10-26
459,ETSY,247.52,250.02,242.52,243.89,1592431.0,2021-10-27
460,ETSY,238.78,246.15,234.42,242.75,3192854.0,2021-10-28
461,ETSY,239.47,252.7635,238.14,250.69,1817859.0,2021-10-29
462,ETSY,250.94,251.99,240.82,243.62,2291671.0,2021-11-01
463,ETSY,243.66,244.48,236.31,240.63,2359926.0,2021-11-02
464,ETSY,243.08,245.4,235.19,239.62,3812568.0,2021-11-03
465,ETSY,236.07,283.4,236.07,271.27,7772896.0,2021-11-04
466,ETSY,261.98,270.94,256.5843,260.12,2710097.0,2021-11-05
467,ETSY,264.38,269.27,260.69,260.86,2259227.0,2021-11-08
468,ETSY,263.315,265.47,253.03,258.67,1869068.0,2021-11-09
469,ETSY,257.0,257.5,243.38,248.58,1782865.0,2021-11-10
470,ETSY,252.0,255.746,250.92,253.34,973096.0,2021-11-11
471,ETSY,256.06,273.0,254.25,272.15,2741788.0,2021-11-12
472,ETSY,272.39,279.49,270.625,272.72,2182485.0,2021-11-15
473,ETSY,272.755,290.78,270.05,286.75,2701810.0,2021-11-16
474,ETSY,287.5948,294.36,280.2,282.32,1494861.0,2021-11-17
475,ETSY,285.24,291.4499,281.35,290.27,1867099.0,2021-11-18
476,ETSY,295.8732,299.8,293.46,294.38,2183471.0,2021-11-19
477,ETSY,295.61,301.0,275.26,279.24,2538975.0,2021-11-22
478,ETSY,281.51,290.86,276.01,279.53,2839122.0,2021-11-23
479,ETSY,283.01,298.18,276.21,296.91,3254207.0,2021-11-24
480,ETSY,305.06,307.75,290.27,291.38,1780331.0,2021-11-26
481,ETSY,291.39,292.84,278.69,281.48,2206568.0,2021-11-29
482,ETSY,282.42,288.8388,273.97,274.58,4008942.0,2021-11-30
483,ETSY,277.8728,279.23,258.8668,259.28,2553138.0,2021-12-01
484,ETSY,249.03,255.98,243.03,249.56,3270405.0,2021-12-02
485,ETSY,249.18,250.49,224.51,231.33,4266733.0,2021-12-03
486,ETSY,228.66,231.04,220.324,224.9,2385478.0,2021-12-06
487,ETSY,235.0,245.77,233.72,237.45,3100685.0,2021-12-07
488,ETSY,238.65,247.85,233.6,246.0,2417062.0,2021-12-08
489,ETSY,246.0,247.48,232.51,234.4,1565022.0,2021-12-09
490,ETSY,235.0,236.15,222.76,225.28,1868760.0,2021-12-10
491,ETSY,223.9852,224.78,213.25,219.72,1852916.0,2021-12-13
492,ETSY,212.69,218.89,209.765,217.66,2010448.0,2021-12-14
493,ETSY,220.31,229.41,213.57,229.13,3382113.0,2021-12-15
494,ETSY,228.79,230.78,215.0,218.29,2422000.0,2021-12-16
495,ETSY,216.31,226.1339,211.36,221.6,3183729.0,2021-12-17
496,ETSY,217.0,220.695,212.65,218.48,1417909.0,2021-12-20
497,ETSY,223.29,225.895,216.06,224.78,1556789.0,2021-12-21
498,ETSY,224.36,228.65,219.73,225.1,1228526.0,2021-12-22
499,ETSY,225.48,229.3,220.77,228.09,1225982.0,2021-12-23
500,ETSY,230.72,232.98,226.725,229.67,1460160.0,2021-12-27
501,ETSY,231.83,231.9635,219.43,221.73,1088807.0,2021-12-28
502,ETSY,222.95,224.0,215.19,221.91,1126612.0,2021-12-29
503,ETSY,221.15,226.4101,221.045,222.01,875943.0,2021-12-30
504,ETSY,222.01,224.73,217.92,218.94,1298942.0,2021-12-31
505,ETSY,222.35,223.22,209.66,209.93,2603925.0,2022-01-03
506,ETSY,205.92,207.39,194.01,200.99,3690137.0,2022-01-04
507,ETSY,199.645,200.0,186.2401,188.35,3550589.0,2022-01-05
508,ETSY,185.94,198.242,182.0601,196.95,4720649.0,2022-01-06
509,ETSY,195.34,198.24,184.67,185.15,2846825.0,2022-01-07
510,ETSY,181.48,183.94,172.61,183.71,3623725.0,2022-01-10
511,ETSY,182.44,186.1142,179.44,182.81,1935505.0,2022-01-11
512,ETSY,185.66,187.8799,174.69,178.06,2141179.0,2022-01-12
513,ETSY,179.19,179.55,166.44,166.8,2660511.0,2022-01-13
514,ETSY,164.92,169.04,159.8,163.7,3160662.0,2022-01-14
515,ETSY,161.24,166.7,158.2,163.49,3291689.0,2022-01-18
516,ETSY,162.17,167.99,161.92,163.14,2908045.0,2022-01-19
517,ETSY,171.14,172.36,158.75,159.29,3123522.0,2022-01-20
518,ETSY,157.95,159.36,148.21,148.85,4310186.0,2022-01-21
519,ETSY,140.57,155.15,136.0,154.06,7392865.0,2022-01-24
520,ETSY,150.57,153.41,142.42,145.13,3499429.0,2022-01-25
521,ETSY,152.16,153.8,139.5,141.3,3621020.0,2022-01-26
522,ETSY,144.73,148.22,138.88,139.54,2504092.0,2022-01-27
523,ETSY,141.22,145.99,138.5,145.95,3137198.0,2022-01-28
524,ETSY,146.62,157.42,146.33,157.08,3465217.0,2022-01-31
525,ETSY,158.9618,159.3882,149.68,152.16,3371642.0,2022-02-01
526,ETSY,153.315,155.3,135.2786,138.04,6245568.0,2022-02-02
527,ETSY,133.745,135.86,125.37,126.96,7790848.0,2022-02-03
528,ETSY,131.245,136.34,126.525,133.67,4903730.0,2022-02-04
529,ETSY,133.7,140.79,133.4,135.66,3146023.0,2022-02-07
530,ETSY,134.64,141.77,133.81,141.23,3001168.0,2022-02-08
531,ETSY,144.31,146.93,142.35,146.61,2372953.0,2022-02-09
532,ETSY,142.27,148.84,140.77,143.03,2052752.0,2022-02-10
533,ETSY,144.19,145.65,140.2101,141.77,2131351.0,2022-02-11
534,ETSY,141.71,145.82,140.2,142.65,1988447.0,2022-02-14
535,ETSY,146.0,148.26,142.66,148.24,2023086.0,2022-02-15
536,ETSY,145.32,145.4689,138.157,140.41,3141639.0,2022-02-16
537,ETSY,138.275,139.16,131.54,132.17,2542000.0,2022-02-17
538,ETSY,131.5027,132.69,125.84,127.3,3114798.0,2022-02-18
539,ETSY,128.18,129.77,120.71,121.34,4083174.0,2022-02-22
540,ETSY,123.3,125.75,115.89,116.51,5354825.0,2022-02-23
541,ETSY,111.5,129.8,109.38,128.16,9304339.0,2022-02-24
542,ETSY,146.888,152.23,131.25,148.94,19472355.0,2022-02-25
543,ETSY,148.71,157.43,147.0,154.89,6287314.0,2022-02-28
544,ETSY,156.12,162.94,155.0,157.53,5566608.0,2022-03-01
545,ETSY,157.99,162.9971,152.83,162.03,3674719.0,2022-03-02
546,ETSY,160.91,163.84,155.97,159.78,3748956.0,2022-03-03
547,ETSY,158.6,161.0,149.72,151.57,3344647.0,2022-03-04
548,ETSY,152.99,154.4034,136.97,137.49,4217680.0,2022-03-07
549,ETSY,137.47,144.75,132.91,138.43,3539504.0,2022-03-08
550,ETSY,141.78,145.37,139.05,144.72,3230462.0,2022-03-09
551,ETSY,143.4,144.53,133.28,136.98,2599857.0,2022-03-10
552,ETSY,136.62,137.1325,121.15,121.23,5990274.0,2022-03-11
553,ETSY,120.85,127.18,117.38,118.32,3914228.0,2022-03-14
554,ETSY,119.0,125.63,117.4,124.98,3233315.0,2022-03-15
555,ETSY,127.99,134.05,126.68,133.81,3232230.0,2022-03-16
556,ETSY,132.24,141.889,131.02,141.68,2586203.0,2022-03-17
557,ETSY,140.53,149.725,140.28,148.0,5183227.0,2022-03-18
558,ETSY,146.42,148.29,139.44,142.27,2894447.0,2022-03-21
559,ETSY,142.66,151.4973,142.0401,148.25,2994381.0,2022-03-22
560,ETSY,145.0,149.21,141.44,142.47,2502876.0,2022-03-23
561,ETSY,143.24,143.97,136.595,140.96,2045098.0,2022-03-24
562,ETSY,141.43,141.46,129.75,132.32,3404377.0,2022-03-25
563,ETSY,134.7,139.02,131.1,138.54,2443889.0,2022-03-28
564,ETSY,138.99,144.94,137.8601,142.92,3084723.0,2022-03-29
565,ETSY,140.05,141.84,134.16,134.56,3160660.0,2022-03-30
566,ETSY,134.14,134.905,124.23,124.28,3805932.0,2022-03-31
567,ETSY,126.23,128.385,122.53,127.05,2961478.0,2022-04-01
568,ETSY,128.58,138.88,126.14,136.17,3783120.0,2022-04-04
569,ETSY,135.42,136.87,128.61,130.21,3279960.0,2022-04-05
570,ETSY,128.18,128.23,121.39,125.47,3524702.0,2022-04-06
571,ETSY,124.675,128.87,118.91,120.95,4815643.0,2022-04-07
572,ETSY,120.18,120.78,114.57,116.58,3666782.0,2022-04-08
573,ETSY,115.13,119.7,113.03,117.22,2933304.0,2022-04-11
574,ETSY,120.18,122.455,111.7601,112.95,3013823.0,2022-04-12
575,ETSY,112.25,118.71,111.21,117.47,2446391.0,2022-04-13
576,ETSY,115.825,117.235,112.74,115.79,3780224.0,2022-04-14
577,ETSY,115.33,115.5,105.8,110.47,4528180.0,2022-04-18
578,ETSY,110.22,118.7398,109.229,115.29,4065133.0,2022-04-19
579,ETSY,114.29,114.29,104.705,107.41,4829128.0,2022-04-20
580,ETSY,109.99,109.99,100.32,101.79,4071818.0,2022-04-21
581,ETSY,102.435,103.52,97.46,98.41,3623006.0,2022-04-22
582,ETSY,96.845,103.2,96.59,102.06,3976352.0,2022-04-25
583,ETSY,101.04,102.65,97.1,100.11,4297469.0,2022-04-26
584,ETSY,98.99,102.25,95.7731,97.55,4283818.0,2022-04-27
585,ETSY,100.63,103.37,94.395,101.88,5491444.0,2022-04-28
586,ETSY,97.0,102.26,92.86,93.19,7090319.0,2022-04-29
587,ETSY,92.32,97.22,90.625,97.07,5640038.0,2022-05-02
588,ETSY,96.74,103.47,95.09,100.53,5611899.0,2022-05-03
589,ETSY,100.0,110.95,96.1011,109.33,8693731.0,2022-05-04
590,ETSY,94.26,95.3,88.88,90.93,15386155.0,2022-05-05
591,ETSY,89.67,90.8799,81.115,86.38,9282126.0,2022-05-06
592,ETSY,85.08,88.965,82.41,86.4,8281549.0,2022-05-09
593,ETSY,89.31,92.67,81.565,84.06,6098531.0,2022-05-10
594,ETSY,83.73,86.49,77.04,77.81,8269441.0,2022-05-11
595,ETSY,77.36,89.8797,75.61,87.86,10579175.0,2022-05-12
596,ETSY,90.0,94.58,88.54,92.08,5767517.0,2022-05-13
597,ETSY,91.0,92.4,86.25,86.62,4384454.0,2022-05-16
598,ETSY,89.19,91.12,84.18,88.06,4480036.0,2022-05-17
599,ETSY,85.05,85.05,77.0976,78.84,6025942.0,2022-05-18
600,ETSY,78.39,82.36,76.0,79.24,7326300.0,2022-05-19
601,ETSY,81.17,81.27,74.66,78.34,4880538.0,2022-05-20
602,ETSY,77.87,78.0,72.66,76.07,4663175.0,2022-05-23
603,ETSY,73.715,74.24,68.399,70.21,5986800.0,2022-05-24
604,ETSY,70.365,74.47,69.67,71.59,5597316.0,2022-05-25
605,ETSY,72.26,78.71,71.25,78.25,4772842.0,2022-05-26
606,ETSY,79.1,82.24,79.0,82.15,3295215.0,2022-05-27
607,ETSY,82.95,84.8545,80.02,81.12,6307299.0,2022-05-31
608,ETSY,83.38,84.7912,79.52,80.94,4080001.0,2022-06-01
609,ETSY,81.44,87.94,80.81,87.29,3780123.0,2022-06-02
610,ETSY,84.49,84.94,80.3935,80.98,3927123.0,2022-06-03
611,ETSY,82.19,84.99,81.02,83.83,2831323.0,2022-06-06
612,ETSY,80.98,82.58,78.75,81.48,3789381.0,2022-06-07
613,ETSY,82.32,87.02,81.79,84.88,4137092.0,2022-06-08
614,ETSY,83.95,85.94,82.2335,83.07,2586614.0,2022-06-09
615,ETSY,79.96,81.67,75.29,75.84,4330773.0,2022-06-10
616,ETSY,72.16,74.4,69.74,71.37,4630546.0,2022-06-13
617,ETSY,71.57,73.84,70.11,71.61,3426757.0,2022-06-14
618,ETSY,72.57,77.33,72.071,76.05,3881030.0,2022-06-15
619,ETSY,71.615,71.86,67.01,69.0,6016975.0,2022-06-16
620,ETSY,69.5,74.3199,69.43,72.11,7379442.0,2022-06-17
621,ETSY,73.335,75.8791,71.4498,71.81,3240256.0,2022-06-21
622,ETSY,70.77,75.29,70.565,74.09,2790341.0,2022-06-22
623,ETSY,74.5,79.61,74.475,78.73,3353021.0,2022-06-23
624,ETSY,80.0,83.65,79.61,83.62,3222744.0,2022-06-24
625,ETSY,82.08,84.13,78.65,80.65,4921037.0,2022-06-27
626,ETSY,79.11,80.5,73.946,74.04,3937281.0,2022-06-28
627,ETSY,73.08,75.4,71.3,74.8,2682460.0,2022-06-29
628,ETSY,74.58,74.78,70.4602,73.21,3714162.0,2022-06-30
629,ETSY,74.73,80.75,74.7,79.81,5654946.0,2022-07-01
630,ETSY,79.09,88.37,77.59,88.24,6088066.0,2022-07-05
631,ETSY,88.1,91.58,85.21,85.94,4285338.0,2022-07-06
632,ETSY,85.09,90.21,84.3,89.65,4031651.0,2022-07-07
633,ETSY,87.57,90.67,86.38,88.75,3050245.0,2022-07-08
634,ETSY,87.1,87.8,84.1528,86.07,2604450.0,2022-07-11
635,ETSY,87.76,89.67,84.5625,85.59,3038758.0,2022-07-12
636,ETSY,83.22,85.78,81.58,83.21,4756234.0,2022-07-13
637,ETSY,83.29,83.59,78.24,79.73,4338368.0,2022-07-14
638,ETSY,80.19,83.21,78.33,82.5,4152712.0,2022-07-15
639,ETSY,84.25,88.105,83.79,84.72,4293567.0,2022-07-18
640,ETSY,86.17,88.135,83.93,87.44,2414805.0,2022-07-19
641,ETSY,87.88,93.06,86.92,92.66,4274824.0,2022-07-20
642,ETSY,92.59,97.03,91.23,96.87,4720367.0,2022-07-21
643,ETSY,96.24,102.12,95.94,97.11,6905970.0,2022-07-22
644,ETSY,96.21,97.92,93.6201,96.47,4609015.0,2022-07-25
645,ETSY,91.05,94.27,90.165,93.3,4816259.0,2022-07-26
646,ETSY,96.67,98.12,93.51,95.5,7670367.0,2022-07-27
647,ETSY,100.67,106.6599,100.3,104.92,9963036.0,2022-07-28
648,ETSY,104.11,107.39,102.035,103.72,4485511.0,2022-07-29
649,ETSY,101.85,106.88,101.12,103.61,3296982.0,2022-08-01
650,ETSY,101.78,105.15,101.34,104.44,2837039.0,2022-08-02
651,ETSY,106.25,109.73,104.56,108.5,3402612.0,2022-08-03
652,ETSY,109.16,110.69,107.3601,109.33,2606883.0,2022-08-04
653,ETSY,105.73,111.98,104.82,109.38,2511711.0,2022-08-05
654,ETSY,109.33,117.06,109.33,111.98,3228156.0,2022-08-08
655,ETSY,109.5,111.1,107.5101,108.87,3221172.0,2022-08-09
656,ETSY,114.0,116.94,112.96,116.9,3927239.0,2022-08-10
657,ETSY,119.57,120.69,113.49,114.68,4170905.0,2022-08-11
658,ETSY,116.8,120.19,115.81,119.91,2971251.0,2022-08-12
659,ETSY,118.005,119.66,116.4961,117.61,2554998.0,2022-08-15
660,ETSY,117.96,123.03,116.21,120.86,3352440.0,2022-08-16
661,ETSY,118.62,119.0,115.81,116.91,2659909.0,2022-08-17
662,ETSY,116.8,116.84,112.97,114.45,2510100.0,2022-08-18
663,ETSY,111.8,112.49,105.28,107.01,3813744.0,2022-08-19
664,ETSY,104.46,106.37,102.52,103.74,2753340.0,2022-08-22
665,ETSY,103.5,105.84,102.56,103.74,1802208.0,2022-08-23
666,ETSY,105.26,107.81,104.2346,105.9,2038513.0,2022-08-24
667,ETSY,107.12,108.65,105.3131,108.32,1618580.0,2022-08-25
668,ETSY,109.57,111.24,103.52,104.25,2608482.0,2022-08-26
669,ETSY,101.58,106.86,101.23,104.52,1854271.0,2022-08-29
670,ETSY,106.48,109.0,102.74,105.78,2353576.0,2022-08-30
671,ETSY,106.35,108.59,104.86,105.61,2059793.0,2022-08-31
672,ETSY,103.07,107.19,100.855,106.13,2771664.0,2022-09-01
673,ETSY,109.19,109.34,104.15,105.72,2638679.0,2022-09-02
674,ETSY,105.65,106.09,100.91,103.86,2401339.0,2022-09-06
675,ETSY,104.44,107.94,102.75,107.36,2316541.0,2022-09-07
676,ETSY,105.06,108.87,104.67,108.3,1829642.0,2022-09-08
677,ETSY,108.95,111.73,108.65,110.42,2402085.0,2022-09-09
678,ETSY,111.04,114.8,110.84,114.08,2461810.0,2022-09-12
679,ETSY,108.015,108.4299,105.83,107.06,2566498.0,2022-09-13
680,ETSY,107.98,111.365,105.53,111.23,2772866.0,2022-09-14
681,ETSY,110.86,114.0841,110.23,112.35,2383429.0,2022-09-15
682,ETSY,109.25,111.15,106.3685,108.03,4212389.0,2022-09-16
683,ETSY,106.86,111.92,106.81,111.78,2870892.0,2022-09-19
684,ETSY,110.15,110.71,103.83,103.97,2884553.0,2022-09-20
685,ETSY,104.65,109.065,102.68,104.07,2065624.0,2022-09-21
686,ETSY,102.87,104.0,96.851,97.49,3104336.0,2022-09-22
687,ETSY,95.925,97.83,94.4,96.47,3332659.0,2022-09-23
688,ETSY,96.07,98.77,94.16,94.3,2482054.0,2022-09-26
689,ETSY,96.9,98.5,94.48,96.73,2658762.0,2022-09-27
690,ETSY,96.3975,102.96,96.3975,102.15,2165247.0,2022-09-28
691,ETSY,99.071,102.16,99.0,101.52,2947686.0,2022-09-29
692,ETSY,100.0,104.03,99.1,100.13,2848440.0,2022-09-30
693,ETSY,100.81,106.005,100.66,104.99,3057726.0,2022-10-03
694,ETSY,108.57,110.77,107.37,110.2,3184941.0,2022-10-04
695,ETSY,108.77,113.57,107.64,112.33,2710852.0,2022-10-05
696,ETSY,112.89,116.8005,112.745,115.11,2582589.0,2022-10-06
697,ETSY,111.48,112.785,109.57,110.44,1980345.0,2022-10-07
698,ETSY,111.21,111.79,106.71,108.97,3202334.0,2022-10-10
699,ETSY,107.87,109.63,101.51,105.6,3383222.0,2022-10-11
700,ETSY,106.77,108.25,102.89,106.16,2414767.0,2022-10-12
701,ETSY,99.28,99.81,91.7001,96.32,9547648.0,2022-10-13
702,ETSY,98.57,101.52,92.105,92.45,3625146.0,2022-10-14
703,ETSY,95.22,98.81,94.36,98.12,3108873.0,2022-10-17
704,ETSY,102.745,104.28,100.04,100.48,3701135.0,2022-10-18
705,ETSY,99.22,99.29,93.6118,94.33,3191046.0,2022-10-19
706,ETSY,93.89,99.75,93.785,97.44,2965743.0,2022-10-20
707,ETSY,96.58,101.17,94.4,100.91,2844696.0,2022-10-21
708,ETSY,100.33,102.46,96.78,102.07,2026811.0,2022-10-24
709,ETSY,102.09,104.475,100.31,103.24,3227916.0,2022-10-25
710,ETSY,101.38,106.2,100.02,101.4,2710711.0,2022-10-26
711,ETSY,102.75,103.75,100.0,100.91,3098924.0,2022-10-27
712,ETSY,95.97,100.0,94.35,97.91,4403307.0,2022-10-28
713,ETSY,97.995,100.0,93.17,93.91,3152552.0,2022-10-31
714,ETSY,96.1,97.3481,90.95,91.43,3039761.0,2022-11-01
715,ETSY,91.98,92.47,87.24,87.54,5296750.0,2022-11-02
716,ETSY,91.33,101.82,90.43,100.03,12890859.0,2022-11-03
717,ETSY,101.58,103.06,93.8716,98.35,6298635.0,2022-11-04
718,ETSY,100.19,100.92,96.01,99.19,3364412.0,2022-11-07
719,ETSY,100.27,103.28,97.87,101.78,3126045.0,2022-11-08
720,ETSY,100.26,100.98,94.88,94.96,2384642.0,2022-11-09
721,ETSY,101.0,110.36,101.0,110.21,4270198.0,2022-11-10
722,ETSY,109.39,116.6,109.035,115.64,3720322.0,2022-11-11
723,ETSY,114.31,123.68,113.99,119.74,5624236.0,2022-11-14
724,ETSY,124.76,127.28,121.25,125.31,4536884.0,2022-11-15
725,ETSY,120.09,122.22,118.27,119.72,4082532.0,2022-11-16
726,ETSY,116.91,117.35,112.065,114.37,3097523.0,2022-11-17
727,ETSY,116.62,116.85,112.09,113.92,2226784.0,2022-11-18
728,ETSY,112.2,119.3463,111.37,114.94,3737825.0,2022-11-21
729,ETSY,115.64,119.48,114.0,119.29,3158226.0,2022-11-22
730,ETSY,120.06,122.1438,117.47,119.99,1877285.0,2022-11-23
731,ETSY,118.39,120.61,117.49,120.31,785031.0,2022-11-25
732,ETSY,120.2,123.37,118.55,119.48,2586352.0,2022-11-28
733,ETSY,120.87,122.42,119.2836,121.88,2608991.0,2022-11-29
734,ETSY,123.0,132.6,121.67,132.09,4845930.0,2022-11-30
735,ETSY,132.86,139.97,132.15,139.39,4485267.0,2022-12-01
736,ETSY,136.16,141.96,135.42,140.49,2831463.0,2022-12-02
737,ETSY,139.28,142.53,135.89,137.21,3236810.0,2022-12-05
738,ETSY,137.56,139.05,132.955,135.01,2704594.0,2022-12-06
739,ETSY,134.1,136.0,127.8067,130.13,2898558.0,2022-12-07
740,ETSY,131.78,135.6793,129.65,134.5,2180677.0,2022-12-08
741,ETSY,130.785,134.5,126.57,126.78,3032365.0,2022-12-09
742,ETSY,125.75,129.58,124.17,129.52,2218566.0,2022-12-12
743,ETSY,138.44,138.95,130.13,131.6,2786434.0,2022-12-13
744,ETSY,132.16,135.48,131.11,132.03,2695566.0,2022-12-14
745,ETSY,128.64,128.99,124.28,125.97,2770842.0,2022-12-15
746,ETSY,124.73,127.2,124.18,126.32,4300565.0,2022-12-16
747,ETSY,126.41,129.12,124.96,125.91,2151460.0,2022-12-19
748,ETSY,125.24,127.63,123.19,127.1,1857051.0,2022-12-20
749,ETSY,130.195,135.05,129.94,134.33,3374446.0,2022-12-21
750,ETSY,132.29,132.5,123.5501,127.35,2371445.0,2022-12-22
751,ETSY,126.8,127.733,124.01,126.94,1353907.0,2022-12-23
752,ETSY,126.03,126.4899,121.23,121.34,1843264.0,2022-12-27
753,ETSY,120.4,121.78,118.92,120.4,1824918.0,2022-12-28
754,ETSY,122.01,124.12,120.12,122.68,1661797.0,2022-12-29
755,ETSY,119.23,120.91,117.86,119.78,2153825.0,2022-12-30
756,ETSY,121.51,122.41,111.83,113.56,3409690.0,2023-01-03
757,ETSY,116.78,119.0,113.56,117.11,3550062.0,2023-01-04
758,ETSY,116.29,120.52,114.95,119.56,2744246.0,2023-01-05
759,ETSY,119.23,121.97,115.77,120.59,2107744.0,2023-01-06
760,ETSY,122.73,124.27,120.62,120.99,2237934.0,2023-01-09
761,ETSY,120.79,127.34,120.32,126.93,2924018.0,2023-01-10
762,ETSY,128.41,135.28,127.99,134.69,4909521.0,2023-01-11
763,ETSY,133.44,134.44,128.15,131.63,3314379.0,2023-01-12
764,ETSY,130.4,136.145,130.17,134.67,3924253.0,2023-01-13
765,ETSY,134.5,136.91,132.5,132.51,2892276.0,2023-01-17
766,ETSY,135.06,136.1671,130.74,131.44,2458280.0,2023-01-18
767,ETSY,130.47,132.89,127.8305,128.97,1687518.0,2023-01-19
768,ETSY,129.58,132.26,127.53,131.82,2475491.0,2023-01-20
769,ETSY,132.75,140.0,132.11,139.12,2782376.0,2023-01-23
770,ETSY,138.02,139.31,135.5,136.68,3052857.0,2023-01-24
771,ETSY,133.06,136.49,131.93,135.86,1926766.0,2023-01-25
772,ETSY,138.915,140.46,134.29,134.54,2394199.0,2023-01-26
773,ETSY,131.432,139.09,129.3,137.8,3044666.0,2023-01-27
774,ETSY,136.44,139.83,134.24,134.7,2363051.0,2023-01-30
775,ETSY,135.6,139.08,135.6,137.58,2143940.0,2023-01-31
776,ETSY,137.58,140.46,134.12,139.58,3181753.0,2023-02-01
777,ETSY,143.0,148.23,142.14,148.2,3777186.0,2023-02-02
778,ETSY,143.3,149.91,142.42,147.5,2686522.0,2023-02-03
779,ETSY,145.56,147.7888,143.82,144.54,1394760.0,2023-02-06
780,ETSY,144.0,145.68,139.7,145.03,1706784.0,2023-02-07
781,ETSY,144.28,145.74,142.21,144.02,1473188.0,2023-02-08
782,ETSY,145.2,145.515,137.02,137.56,2489883.0,2023-02-09
783,ETSY,136.145,136.34,131.21,132.13,2868030.0,2023-02-10
784,ETSY,131.99,136.25,128.57,134.75,2517299.0,2023-02-13
785,ETSY,134.11,137.42,130.99,133.75,2331779.0,2023-02-14
786,ETSY,133.0,143.15,132.79,142.26,3058132.0,2023-02-15
787,ETSY,138.34,140.16,129.92,130.31,5292783.0,2023-02-16
788,ETSY,130.4,131.46,127.1583,129.68,4314098.0,2023-02-17
789,ETSY,126.76,131.33,124.36,124.845,3415630.0,2023-02-21
790,ETSY,125.425,129.2495,124.435,128.45,5040872.0,2023-02-22
791,ETSY,131.827,133.49,120.21,131.58,8601146.0,2023-02-23
792,ETSY,127.89,129.05,123.58,124.105,3577230.0,2023-02-24
793,ETSY,123.84,124.4,119.74,120.6,3736721.0,2023-02-27
794,ETSY,121.4,123.28,120.08,121.41,1886779.0,2023-02-28
795,ETSY,120.53,121.07,116.2708,118.28,3440624.0,2023-03-01
796,ETSY,117.05,119.72,116.51,118.46,2951664.0,2023-03-02
797,ETSY,119.38,122.4,119.005,121.42,2997769.0,2023-03-03
798,ETSY,122.05,122.41,118.58,118.78,2843557.0,2023-03-06
799,ETSY,119.09,122.5095,114.8201,115.89,3927468.0,2023-03-07
800,ETSY,112.67,113.32,107.96,113.18,7098123.0,2023-03-08
801,ETSY,107.4,110.41,105.14,107.74,6967534.0,2023-03-09
802,ETSY,107.34,107.745,103.46,105.98,4762006.0,2023-03-10
803,ETSY,103.015,106.37,99.24,103.71,5646036.0,2023-03-13
804,ETSY,106.755,107.0,101.1499,102.79,3300693.0,2023-03-14
805,ETSY,101.73,105.1999,100.16,104.74,3586698.0,2023-03-15
806,ETSY,102.82,105.21,101.11,104.43,3549791.0,2023-03-16
807,ETSY,104.04,105.84,103.39,105.34,3176030.0,2023-03-17
808,ETSY,104.43,108.605,103.34,108.36,3988229.0,2023-03-20
809,ETSY,109.95,113.12,109.4399,112.71,3455981.0,2023-03-21
810,ETSY,113.34,115.2999,110.82,110.96,2539879.0,2023-03-22
811,ETSY,113.28,116.15,109.68,110.09,3518107.0,2023-03-23
812,ETSY,109.0,109.1161,105.11,106.85,2769985.0,2023-03-24
813,ETSY,107.45,107.45,103.24,104.88,3083917.0,2023-03-27
814,ETSY,105.61,107.18,104.94,105.06,2012083.0,2023-03-28
815,ETSY,106.46,107.81,105.18,107.67,1635805.0,2023-03-29
816,ETSY,109.99,110.965,107.88,108.78,2384929.0,2023-03-30
817,ETSY,109.21,111.61,108.61,111.33,2673429.0,2023-03-31
818,ETSY,110.45,110.715,105.88,108.25,2409968.0,2023-04-03
819,ETSY,114.71,114.73,109.295,109.64,4973456.0,2023-04-04
820,ETSY,108.72,108.7957,104.4,105.27,2723480.0,2023-04-05
821,ETSY,103.96,104.725,100.74,104.06,3123794.0,2023-04-06
822,ETSY,103.64,104.36,101.66,103.04,2787294.0,2023-04-10
823,ETSY,102.74,104.67,101.81,103.64,1903396.0,2023-04-11
824,ETSY,105.224,105.29,99.41,100.16,2887288.0,2023-04-12
825,ETSY,101.5,101.9889,99.79,100.72,2788188.0,2023-04-13
826,ETSY,100.34,103.63,99.67,102.53,2749848.0,2023-04-14
827,ETSY,102.49,103.55,102.075,103.12,1824646.0,2023-04-17
828,ETSY,104.25,104.73,101.89,102.17,1973568.0,2023-04-18
829,ETSY,100.62,103.4999,100.5,102.38,2383822.0,2023-04-19
830,ETSY,100.76,104.93,100.6,102.24,2673885.0,2023-04-20
831,ETSY,102.45,103.17,101.3368,102.05,2277266.0,2023-04-21
832,ETSY,102.63,103.25,101.565,102.84,2708494.0,2023-04-24
833,ETSY,101.73,102.32,98.11,98.37,2132965.0,2023-04-25
834,ETSY,99.35,100.64,97.35,97.77,2237589.0,2023-04-26
835,ETSY,100.215,101.38,99.24,100.49,3125153.0,2023-04-27
836,ETSY,100.69,101.2,98.71,101.03,2525708.0,2023-04-28
837,ETSY,100.36,100.91,95.44,96.27,3951377.0,2023-05-01
838,ETSY,94.56,99.64,94.38,99.19,3590548.0,2023-05-02
839,ETSY,99.19,102.31,98.06,98.965,6566558.0,2023-05-03
840,ETSY,96.54,96.845,90.74,92.55,8317879.0,2023-05-04
841,ETSY,93.7,95.865,89.14,90.0,6998177.0,2023-05-05
842,ETSY,90.13,95.49,90.06,92.78,4802429.0,2023-05-08
843,ETSY,91.84,93.42,91.6185,92.71,2520257.0,2023-05-09
844,ETSY,94.08,95.68,92.6522,94.84,2616644.0,2023-05-10
845,ETSY,95.13,96.56,94.03,96.36,2263491.0,2023-05-11
846,ETSY,96.61,97.89,94.105,94.68,3788194.0,2023-05-12
847,ETSY,94.17,98.11,93.5001,97.85,4106319.0,2023-05-15
848,ETSY,95.01,95.17,91.34,92.65,3884919.0,2023-05-16
849,ETSY,92.63,96.49,91.0926,94.99,3457562.0,2023-05-17
850,ETSY,94.64,94.694,90.85,92.39,4320849.0,2023-05-18
851,ETSY,92.5,92.5,88.23,89.1,4037453.0,2023-05-19
852,ETSY,88.95,90.785,88.0,90.02,3304900.0,2023-05-22
853,ETSY,89.49,90.775,87.92,88.03,3170250.0,2023-05-23
854,ETSY,88.25,88.6911,86.0,87.66,2221465.0,2023-05-24
855,ETSY,87.76,88.4,84.92,86.23,2389348.0,2023-05-25
856,ETSY,86.68,87.34,84.955,85.53,3456948.0,2023-05-26
857,ETSY,86.13,86.28,82.375,82.49,3378193.0,2023-05-30
858,ETSY,82.23,83.55,80.44,81.05,5132745.0,2023-05-31
859,ETSY,81.25,82.5799,80.7,81.99,3398195.0,2023-06-01
860,ETSY,83.34,86.24,82.8,85.01,3539625.0,2023-06-02
861,ETSY,84.86,87.07,84.57,85.25,2741043.0,2023-06-05
862,ETSY,85.26,91.8,85.22,90.05,4287596.0,2023-06-06
863,ETSY,91.79,92.7399,87.305,87.57,3304495.0,2023-06-07
864,ETSY,86.39,87.9799,84.74,87.56,2715775.0,2023-06-08
865,ETSY,91.87,93.59,90.4,91.24,5604726.0,2023-06-09
866,ETSY,91.89,91.895,87.64,90.51,3499488.0,2023-06-12
867,ETSY,91.26,93.51,89.85,92.84,3586550.0,2023-06-13
868,ETSY,93.12,95.5,92.54,95.06,3067653.0,2023-06-14
869,ETSY,94.42,96.65,93.37,95.97,2425100.0,2023-06-15
870,ETSY,96.46,96.5,93.3224,94.6,4247954.0,2023-06-16
871,ETSY,95.11,98.0,94.78,96.19,3249148.0,2023-06-20
872,ETSY,95.66,97.03,93.922,94.63,2982881.0,2023-06-21
873,ETSY,93.78,93.845,91.21,92.14,2841793.0,2023-06-22
874,ETSY,91.28,91.92,88.81,88.93,4755107.0,2023-06-23
875,ETSY,88.64,89.65,84.5,84.57,4037667.0,2023-06-26
876,ETSY,85.15,87.85,85.0901,87.49,2525885.0,2023-06-27
877,ETSY,87.26,88.8772,86.04,87.45,1998577.0,2023-06-28
878,ETSY,87.49,87.9499,84.94,85.73,1954462.0,2023-06-29
879,ETSY,86.68,86.785,84.21,84.61,3067311.0,2023-06-30
880,ETSY,85.25,85.83,83.85,85.4,2194207.0,2023-07-03
881,ETSY,84.89,85.36,82.4,85.15,3321987.0,2023-07-05
882,ETSY,83.06,83.955,81.96,82.91,2908959.0,2023-07-06
883,ETSY,83.0,83.9299,82.6,82.76,3143370.0,2023-07-07
884,ETSY,82.28,85.86,81.9,85.83,2527151.0,2023-07-10
885,ETSY,88.76,94.82,88.695,93.71,6238155.0,2023-07-11
886,ETSY,95.27,95.43,91.49,91.5,3060220.0,2023-07-12
887,ETSY,92.85,94.54,92.29,93.15,3045062.0,2023-07-13
888,ETSY,92.32,93.24,91.12,92.25,2597984.0,2023-07-14
889,ETSY,91.5,93.67,90.22,93.4,1714936.0,2023-07-17
890,ETSY,93.515,96.29,93.15,93.33,2077192.0,2023-07-18
891,ETSY,93.82,97.02,93.6901,96.09,3088499.0,2023-07-19
892,ETSY,94.73,95.05,92.46,93.07,2351471.0,2023-07-20
893,ETSY,96.92,101.96,96.7161,96.74,5530251.0,2023-07-21
894,ETSY,96.61,97.67,94.5,96.54,2446378.0,2023-07-24
895,ETSY,97.16,97.6,94.5,94.99,2014491.0,2023-07-25
896,ETSY,94.88,97.56,94.87,96.39,1923619.0,2023-07-26
897,ETSY,97.5,98.65,95.4,95.73,2506901.0,2023-07-27
898,ETSY,98.025,100.69,97.7,99.63,2651982.0,2023-07-28
899,ETSY,100.2,102.81,100.17,101.65,2631485.0,2023-07-31
900,ETSY,100.56,101.8,98.23,98.6,1812131.0,2023-08-01
901,ETSY,96.5,97.44,94.27,96.07,4054884.0,2023-08-02
902,ETSY,87.205,89.78,82.48,82.92,11508397.0,2023-08-03
903,ETSY,84.31,84.8,81.165,81.59,5118779.0,2023-08-04
904,ETSY,82.0,84.755,80.75,84.43,4072738.0,2023-08-07
905,ETSY,82.93,83.42,80.38,82.5,3313298.0,2023-08-08
906,ETSY,82.5,82.754,79.625,79.87,3103428.0,2023-08-09
907,ETSY,80.5,81.29,77.91,78.21,4038586.0,2023-08-10
908,ETSY,77.63,78.4,76.02,76.64,2956644.0,2023-08-11
909,ETSY,76.02,79.47,76.02,79.3,3522125.0,2023-08-14
910,ETSY,78.12,78.12,75.68,75.86,3615170.0,2023-08-15
911,ETSY,75.14,76.26,73.87,73.95,2827760.0,2023-08-16
912,ETSY,74.0,76.96,74.0,74.97,3836061.0,2023-08-17
913,ETSY,73.33,74.62,72.565,73.78,3264125.0,2023-08-18
914,ETSY,73.91,75.06,73.05,73.32,2746221.0,2023-08-21
915,ETSY,73.48,74.14,72.4,73.48,2482148.0,2023-08-22
916,ETSY,74.59,74.59,72.99,73.08,2637479.0,2023-08-23
917,ETSY,72.88,72.99,71.59,71.62,2979881.0,2023-08-24
918,ETSY,72.38,73.84,71.77,72.31,2584672.0,2023-08-25
919,ETSY,72.74,73.28,71.93,72.24,1840034.0,2023-08-28
920,ETSY,71.88,74.835,71.28,74.4,2005423.0,2023-08-29
921,ETSY,74.05,74.93,73.43,74.32,1681715.0,2023-08-30
922,ETSY,74.63,75.4,73.01,73.57,2599811.0,2023-08-31
923,ETSY,74.08,75.66,74.02,74.635,2175967.0,2023-09-01
924,ETSY,74.0,74.16,72.69,72.82,2345123.0,2023-09-05
925,ETSY,72.45,73.59,71.89,72.74,2882392.0,2023-09-06
926,ETSY,71.9,72.01,68.36,69.09,4094822.0,2023-09-07
927,ETSY,69.39,69.39,66.68,67.13,4075822.0,2023-09-08
928,ETSY,67.3,67.81,64.78,64.82,4005901.0,2023-09-11
929,ETSY,64.46,66.13,64.3,64.81,3912972.0,2023-09-12
930,ETSY,64.5,65.5,63.51,64.56,3117601.0,2023-09-13
931,ETSY,68.59,69.4472,65.42,66.68,7410351.0,2023-09-14
932,ETSY,66.63,66.9991,63.86,64.94,6523162.0,2023-09-15
933,ETSY,64.26,64.82,63.63,63.85,3454259.0,2023-09-18
934,ETSY,63.24,65.93,62.89,65.74,3111590.0,2023-09-19
935,ETSY,65.74,66.53,64.59,64.69,2743187.0,2023-09-20
936,ETSY,63.79,65.11,63.53,64.25,3968152.0,2023-09-21
937,ETSY,65.0,66.11,63.5,63.8,3626811.0,2023-09-22
938,ETSY,63.1,65.25,63.01,64.72,2738297.0,2023-09-25
939,ETSY,64.29,64.52,61.47,61.87,3961238.0,2023-09-26
940,ETSY,61.77,63.1599,61.71,61.89,3171438.0,2023-09-27
941,ETSY,61.3,63.96,61.22,63.75,3666754.0,2023-09-28
942,ETSY,64.79,65.87,64.32,64.58,3272947.0,2023-09-29
943,ETSY,64.34,65.11,63.87,64.65,4441236.0,2023-10-02
944,ETSY,64.39,64.91,62.12,62.29,3015157.0,2023-10-03
945,ETSY,63.1,64.32,62.92,63.74,3137151.0,2023-10-04
946,ETSY,63.82,64.18,61.37,62.86,3623724.0,2023-10-05
947,ETSY,62.1,63.82,62.1,62.72,3072737.0,2023-10-06
948,ETSY,61.93,63.55,61.635,63.38,2621162.0,2023-10-09
949,ETSY,63.03,64.76,62.755,63.71,3574804.0,2023-10-10
950,ETSY,63.88,65.3028,63.88,64.84,2734224.0,2023-10-11
951,ETSY,65.57,65.57,63.82,64.76,2992292.0,2023-10-12
952,ETSY,64.64,64.64,62.72,63.17,3449334.0,2023-10-13
953,ETSY,63.31,66.76,63.2268,66.47,4517089.0,2023-10-16
954,ETSY,65.77,70.315,65.53,70.06,4838487.0,2023-10-17
955,ETSY,69.13,69.68,67.69,67.9,3070617.0,2023-10-18
956,ETSY,67.71,68.12,64.91,65.42,3697620.0,2023-10-19
957,ETSY,65.01,66.4989,64.79,64.9,3530324.0,2023-10-20
958,ETSY,64.3,65.44,63.535,64.15,2944750.0,2023-10-23
959,ETSY,64.33,66.08,63.34,64.59,2696629.0,2023-10-24
960,ETSY,62.5,63.07,60.89,62.96,3565121.0,2023-10-25
961,ETSY,62.45,63.18,61.45,62.37,3990930.0,2023-10-26
962,ETSY,62.45,63.74,61.645,62.46,3059107.0,2023-10-27
963,ETSY,63.07,63.19,59.79,61.31,4459091.0,2023-10-30
964,ETSY,61.95,63.31,61.53,62.3,2932735.0,2023-10-31
965,ETSY,61.61,61.9,59.27,60.66,7543240.0,2023-11-01
966,ETSY,60.0,64.21,58.2,61.63,10421836.0,2023-11-02
967,ETSY,63.62,67.68,63.395,65.25,5479802.0,2023-11-03
968,ETSY,65.32,65.8,62.295,63.08,3299349.0,2023-11-06
969,ETSY,63.24,65.22,63.0,64.84,3480236.0,2023-11-07
970,ETSY,64.12,64.9,62.8157,63.99,3035856.0,2023-11-08
971,ETSY,64.57,64.57,61.5594,62.02,2752996.0,2023-11-09
972,ETSY,61.93,63.405,60.67,63.24,2564042.0,2023-11-10
973,ETSY,62.97,64.05,62.75,63.21,2304919.0,2023-11-13
974,ETSY,65.97,68.47,65.775,68.38,4582283.0,2023-11-14
975,ETSY,69.14,73.54,69.14,71.74,5662898.0,2023-11-15
976,ETSY,70.03,70.73,68.7,70.15,3658876.0,2023-11-16
977,ETSY,71.2,73.0,70.785,72.53,3818988.0,2023-11-17
978,ETSY,72.21,73.73,70.76,72.07,3386981.0,2023-11-20
979,ETSY,71.19,71.25,69.57,70.59,2580842.0,2023-11-21
980,ETSY,70.91,72.05,70.7,71.48,1898955.0,2023-11-22
981,ETSY,70.94,72.02,70.65,71.82,889021.0,2023-11-24
982,ETSY,72.35,75.4001,72.1001,73.95,5023856.0,2023-11-27
983,ETSY,73.7,75.47,72.49,75.27,4427004.0,2023-11-28
984,ETSY,76.41,78.58,76.29,77.2,4873891.0,2023-11-29
985,ETSY,77.78,78.0,75.01,75.81,4511426.0,2023-11-30
986,ETSY,76.53,82.3228,75.43,82.04,5804722.0,2023-12-01
987,ETSY,82.0,84.75,81.8,82.99,5973029.0,2023-12-04
988,ETSY,82.35,83.7299,81.61,81.66,3372316.0,2023-12-05
989,ETSY,82.03,82.5,79.38,79.54,3763532.0,2023-12-06
990,ETSY,79.28,80.47,78.35,78.97,3120206.0,2023-12-07
991,ETSY,78.97,81.24,78.91,80.08,4548232.0,2023-12-08
992,ETSY,79.57,86.1,79.57,84.69,6795706.0,2023-12-11
993,ETSY,84.3,86.55,84.05,85.82,3636106.0,2023-12-12
994,ETSY,86.02,86.93,78.535,83.97,13576326.0,2023-12-13
995,ETSY,85.0,85.3,80.978,83.26,6851620.0,2023-12-14
996,ETSY,84.38,85.6,80.09,80.68,10176647.0,2023-12-15
997,ETSY,80.84,85.59,80.84,84.46,7656663.0,2023-12-18
998,ETSY,85.09,89.58,84.91,87.03,6162457.0,2023-12-19
999,ETSY,87.0,87.2,83.38,83.59,4466844.0,2023-12-20
1000,ETSY,85.18,86.26,83.87,85.24,2663548.0,2023-12-21
1001,ETSY,84.98,86.285,84.78,84.95,1908612.0,2023-12-22
1002,ETSY,85.0,85.22,82.44,82.59,2351011.0,2023-12-26
1003,ETSY,82.59,83.31,80.9702,82.39,2324533.0,2023-12-27
1004,ETSY,81.75,82.48,80.5601,81.92,2121780.0,2023-12-28
1005,ETSY,81.57,82.6494,80.72,81.05,2397080.0,2023-12-29
1006,ETSY,80.28,82.84,79.7,81.08,3799438.0,2024-01-02
1007,ETSY,80.0,80.0659,76.58,79.13,6419342.0,2024-01-03
1008,ETSY,77.44,77.745,75.22,76.29,5823236.0,2024-01-04
1009,ETSY,76.0,76.972,75.29,75.64,3919926.0,2024-01-05
1010,ETSY,76.0,78.13,75.25,77.76,3947187.0,2024-01-08
1011,ETSY,77.0,78.19,76.29,76.81,3012852.0,2024-01-09
1012,ETSY,75.47,76.09,74.22,74.72,3459444.0,2024-01-10
1013,ETSY,74.62,74.72,71.22,73.04,4081081.0,2024-01-11
1014,ETSY,73.3,73.36,69.99,70.34,3732822.0,2024-01-12
1015,ETSY,69.66,70.14,67.47,67.86,8600251.0,2024-01-16
1016,ETSY,66.722,68.37,65.876,68.32,4742416.0,2024-01-17
1017,ETSY,69.09,70.615,68.07,69.22,4388975.0,2024-01-18
1018,ETSY,71.0,71.84,69.175,70.66,3595240.0,2024-01-19
1019,ETSY,71.0,73.35,69.905,70.82,3106468.0,2024-01-22
1020,ETSY,71.94,72.2299,70.18,70.22,1888763.0,2024-01-23
1021,ETSY,70.96,71.0,68.15,68.32,2786072.0,2024-01-24
1022,ETSY,68.84,69.58,66.945,69.56,2599562.0,2024-01-25
1023,ETSY,69.91,70.44,68.88,69.53,3459813.0,2024-01-26
1024,ETSY,69.62,71.79,68.34,70.82,3054722.0,2024-01-29
1025,ETSY,70.34,71.38,69.33,69.72,1850900.0,2024-01-30
1026,ETSY,69.3,69.37,66.33,66.56,2815742.0,2024-01-31
1027,ETSY,73.0,76.0,71.38,72.62,13694233.0,2024-02-01
1028,ETSY,72.22,76.67,70.88,75.7,7350844.0,2024-02-02
1029,ETSY,74.83,76.135,72.865,74.82,3190261.0,2024-02-05
1030,ETSY,74.61,75.17,73.27,74.85,2295250.0,2024-02-06
1031,ETSY,74.6,74.7768,72.6419,73.26,2418912.0,2024-02-07
1032,ETSY,73.1,74.685,72.93,74.49,2099751.0,2024-02-08
1033,ETSY,73.72,78.78,73.5601,78.09,4243977.0,2024-02-09
1034,ETSY,78.21,80.3,77.31,78.85,3548081.0,2024-02-12
1035,ETSY,74.56,75.9,73.02,74.39,4247375.0,2024-02-13
1036,ETSY,75.38,76.35,74.22,76.19,2605231.0,2024-02-14
1037,ETSY,77.48,78.07,76.42,77.76,2210302.0,2024-02-15
1038,ETSY,76.62,77.58,75.5,76.57,2381456.0,2024-02-16
1039,ETSY,75.27,76.77,74.75,75.87,5065841.0,2024-02-20
1040,ETSY,74.5,78.65,74.04,77.13,6423850.0,2024-02-21
1041,ETSY,73.47,73.49,69.89,70.62,10556453.0,2024-02-22
1042,ETSY,70.5,74.82,69.46,73.98,7996144.0,2024-02-23
1043,ETSY,73.98,74.46,71.91,71.96,4260217.0,2024-02-26
1044,ETSY,72.47,72.87,71.1,72.08,4150814.0,2024-02-27
1045,ETSY,71.8,72.675,70.69,71.0,2063292.0,2024-02-28
1046,ETSY,70.99,72.44,70.3758,71.69,3012744.0,2024-02-29
1047,ETSY,71.44,71.686,69.69,69.81,2883248.0,2024-03-01
1048,ETSY,69.65,69.99,67.67,67.71,3566308.0,2024-03-04
1049,ETSY,67.4,69.72,66.87,68.55,4374684.0,2024-03-05
1050,ETSY,69.65,69.93,68.28,68.61,2759531.0,2024-03-06
1051,ETSY,68.95,69.73,68.22,68.4,2632607.0,2024-03-07
1052,ETSY,68.705,72.965,68.62,72.31,5711406.0,2024-03-08
1053,ETSY,71.62,73.48,71.35,72.92,3348899.0,2024-03-11
1054,ETSY,72.89,73.25,70.78,71.42,2663826.0,2024-03-12
1055,ETSY,71.28,72.0506,69.49,69.76,2790721.0,2024-03-13
1056,ETSY,69.89,69.89,67.15,67.42,4325498.0,2024-03-14
1057,ETSY,67.0,67.9481,65.88,66.26,7880362.0,2024-03-15
1058,ETSY,66.64,67.45,65.97,66.07,2623115.0,2024-03-18
1059,ETSY,68.49,71.5,66.6104,66.84,4947048.0,2024-03-19
1060,ETSY,66.13,69.23,66.03,68.51,4486692.0,2024-03-20
1061,ETSY,69.13,70.17,67.62,68.11,2762959.0,2024-03-21
1062,ETSY,67.63,68.81,67.495,67.82,1799718.0,2024-03-22
1063,ETSY,67.88,68.06,65.69,65.75,2702475.0,2024-03-25
1064,ETSY,66.25,66.9,65.675,65.8,1868080.0,2024-03-26
1065,ETSY,66.56,68.13,66.17,67.99,2387982.0,2024-03-27
1066,ETSY,68.21,69.645,67.79,68.72,2244383.0,2024-03-28
1067,ETSY,68.11,68.7,65.26,65.9,2957372.0,2024-04-01
1068,ETSY,64.9,65.45,64.38,65.18,2615711.0,2024-04-02
1069,ETSY,64.68,65.86,64.39,65.15,2420474.0,2024-04-03
1070,ETSY,66.24,68.37,65.4045,65.56,3890609.0,2024-04-04
1071,ETSY,64.89,65.5,64.4321,64.98,2596026.0,2024-04-05
1072,ETSY,65.66,67.32,65.25,66.1,2680125.0,2024-04-08
1073,ETSY,66.2,68.72,65.58,68.67,2997865.0,2024-04-09
1074,ETSY,67.05,68.08,66.25,67.69,2556337.0,2024-04-10
1075,ETSY,68.22,68.5799,66.98,68.41,1939573.0,2024-04-11
1076,ETSY,68.34,68.34,66.66,67.05,1768992.0,2024-04-12
1077,ETSY,66.92,69.06,66.42,66.73,2959971.0,2024-04-15
1078,ETSY,66.45,69.69,66.15,68.36,3622243.0,2024-04-16
1079,ETSY,68.5,69.35,66.14,67.49,2513777.0,2024-04-17
1080,ETSY,65.35,67.46,65.28,67.34,3365402.0,2024-04-18
1081,ETSY,68.19,68.19,66.65,66.76,2150307.0,2024-04-19
1082,ETSY,66.59,67.13,65.2,66.45,2712085.0,2024-04-22
1083,ETSY,66.6,69.0394,66.42,68.35,2477197.0,2024-04-23
1084,ETSY,67.66,68.49,65.645,66.87,2562031.0,2024-04-24
1085,ETSY,65.9,67.52,65.5986,67.2,2164874.0,2024-04-25
1086,ETSY,67.35,68.285,67.11,67.43,2064958.0,2024-04-26
1087,ETSY,67.65,69.29,67.58,68.88,3135892.0,2024-04-29
1088,ETSY,68.09,69.5,68.09,68.67,2681111.0,2024-04-30
1089,ETSY,68.63,71.72,68.63,69.74,6104341.0,2024-05-01
1090,ETSY,58.57,60.96,56.6,59.24,19855139.0,2024-05-02
1091,ETSY,60.03,62.25,59.505,59.97,5617654.0,2024-05-03
1092,ETSY,60.17,62.93,59.26,62.46,5247002.0,2024-05-06
1093,ETSY,62.38,62.88,61.91,62.77,2007977.0,2024-05-07
1094,ETSY,61.82,62.74,60.5711,62.57,3572770.0,2024-05-08
1095,ETSY,63.0,63.6357,62.39,63.45,2597061.0,2024-05-09
1096,ETSY,63.79,63.89,61.76,61.92,3119953.0,2024-05-10
1097,ETSY,62.71,63.92,61.84,62.51,3717348.0,2024-05-13
1098,ETSY,63.65,64.56,63.09,63.57,4101436.0,2024-05-14
1099,ETSY,64.49,64.86,63.12,64.57,2669992.0,2024-05-15
1100,ETSY,64.5,64.5,63.02,64.09,2446896.0,2024-05-16
1101,ETSY,64.28,65.14,63.65,63.97,2032200.0,2024-05-17
1102,ETSY,64.0,64.73,63.7,64.13,2796030.0,2024-05-20
1103,ETSY,64.08,64.345,63.22,64.18,2209523.0,2024-05-21
1104,ETSY,64.04,64.25,63.23,64.04,2082480.0,2024-05-22
1105,ETSY,63.62,63.87,62.05,62.08,2357837.0,2024-05-23
1106,ETSY,62.33,62.56,60.2,60.62,4269795.0,2024-05-24
1107,ETSY,60.8,61.23,59.87,61.07,2786899.0,2024-05-28
1108,ETSY,60.05,61.11,59.74,60.8,2062044.0,2024-05-29
1109,ETSY,60.99,63.49,60.75,61.43,3458464.0,2024-05-30
1110,ETSY,61.86,63.52,61.49,63.47,4074280.0,2024-05-31
1111,ETSY,63.84,65.85,63.44,65.2,5158676.0,2024-06-03
1112,ETSY,64.59,65.6,63.75,64.91,2293497.0,2024-06-04
1113,ETSY,65.15,65.2,64.26,64.86,2126784.0,2024-06-05
1114,ETSY,64.51,66.93,64.42,66.22,2699364.0,2024-06-06
1115,ETSY,65.75,66.28,65.11,65.28,2047731.0,2024-06-07
1116,ETSY,64.44,66.225,64.25,66.07,1567329.0,2024-06-10
1117,ETSY,66.29,66.44,64.05,65.46,2275429.0,2024-06-11
1118,ETSY,66.75,66.9,63.1,63.27,3496736.0,2024-06-12
1119,ETSY,63.3,63.55,60.09,60.14,3514711.0,2024-06-13
1120,ETSY,59.43,59.92,58.56,58.87,3135785.0,2024-06-14
1121,ETSY,58.7,60.24,58.58,58.7,2692014.0,2024-06-17
1122,ETSY,58.51,59.125,57.57,57.67,2704287.0,2024-06-18
1123,ETSY,57.35,58.38,57.07,58.2,2810465.0,2024-06-20
1124,ETSY,59.03,61.1,58.75,60.17,7302704.0,2024-06-21
1125,ETSY,60.04,61.1,58.935,59.95,3083443.0,2024-06-24
1126,ETSY,59.41,60.2313,58.92,59.49,2469128.0,2024-06-25
1127,ETSY,59.16,60.0,58.3,59.49,2606673.0,2024-06-26
1128,ETSY,59.42,59.42,58.61,58.72,3478657.0,2024-06-27
1129,ETSY,58.72,59.34,58.06,58.98,4208253.0,2024-06-28
1130,ETSY,59.18,59.7293,56.68,57.01,2901062.0,2024-07-01
1131,ETSY,57.35,58.32,56.86,58.26,2050007.0,2024-07-02
1132,ETSY,58.06,59.05,57.78,58.23,1131742.0,2024-07-03
1133,ETSY,58.3,58.61,57.61,58.45,1633952.0,2024-07-05
1134,ETSY,58.47,58.5,55.08,55.37,4997797.0,2024-07-08
1135,ETSY,55.37,57.19,55.12,57.01,2950333.0,2024-07-09
1136,ETSY,57.24,57.66,56.66,57.32,3354220.0,2024-07-10
1137,ETSY,57.94,59.45,57.94,58.31,2570349.0,2024-07-11
1138,ETSY,58.47,60.98,58.44,60.5,4061682.0,2024-07-12
1139,ETSY,61.0,62.25,60.45,61.57,2588748.0,2024-07-15
1140,ETSY,61.71,65.95,61.71,65.47,4014428.0,2024-07-16
1141,ETSY,64.68,65.93,63.81,64.95,3377798.0,2024-07-17
1142,ETSY,64.76,66.805,63.59,63.66,2320203.0,2024-07-18
1143,ETSY,62.97,63.08,61.2424,62.76,3035908.0,2024-07-19
1144,ETSY,62.1,62.68,60.235,62.39,3627853.0,2024-07-22
1145,ETSY,61.81,62.28,60.45,60.79,3087452.0,2024-07-23
1146,ETSY,60.85,61.8,59.69,60.26,2826940.0,2024-07-24
1147,ETSY,60.06,62.24,59.29,60.43,2360905.0,2024-07-25
1148,ETSY,61.49,62.45,61.15,62.27,2998772.0,2024-07-26
1149,ETSY,63.15,64.4119,62.605,63.87,2870482.0,2024-07-29
1150,ETSY,63.36,64.76,63.3,64.52,2701555.0,2024-07-30
1151,ETSY,64.99,66.18,64.52,65.14,4691406.0,2024-07-31
1152,ETSY,63.5,63.5,58.46,60.16,7807672.0,2024-08-01
1153,ETSY,59.18,59.68,58.01,59.35,3773336.0,2024-08-02
1154,ETSY,56.37,57.33,54.61,55.45,7236366.0,2024-08-05
1155,ETSY,55.455,55.9199,53.47,53.98,6310399.0,2024-08-06
1156,ETSY,54.76,56.18,53.285,53.36,3617515.0,2024-08-07
1157,ETSY,53.64,54.66,53.4,54.23,2404907.0,2024-08-08
1158,ETSY,54.09,55.94,53.74,54.97,2810021.0,2024-08-09
1159,ETSY,55.07,55.28,52.97,53.19,3281854.0,2024-08-12
1160,ETSY,53.5,54.47,52.54,54.065,2819932.0,2024-08-13
1161,ETSY,53.74,53.94,51.45,51.5,3459005.0,2024-08-14
1162,ETSY,52.99,54.825,52.69,53.73,4181083.0,2024-08-15
1163,ETSY,53.81,54.67,53.32,53.91,2000632.0,2024-08-16
1164,ETSY,54.1,55.095,53.67,54.88,2437030.0,2024-08-19
1165,ETSY,54.79,55.45,53.71,54.26,2115067.0,2024-08-20
1166,ETSY,54.72,55.35,54.11,54.64,2242889.0,2024-08-21
1167,ETSY,54.15,55.29,53.46,53.79,2429936.0,2024-08-22
1168,ETSY,53.82,55.59,53.79,55.4,2453866.0,2024-08-23
1169,ETSY,55.3,56.08,54.605,55.16,2427830.0,2024-08-26
1170,ETSY,55.34,55.52,54.08,55.39,2336368.0,2024-08-27
1171,ETSY,55.39,55.93,54.81,55.23,2577755.0,2024-08-28
1172,ETSY,55.76,56.34,55.27,55.5,1856344.0,2024-08-29
1173,ETSY,55.95,56.01,54.2,55.09,9013033.0,2024-08-30
1174,ETSY,55.07,56.34,54.55,54.76,3943464.0,2024-09-03
1175,ETSY,54.24,56.69,54.21,55.57,3362069.0,2024-09-04
1176,ETSY,55.63,55.775,53.68,55.57,3068627.0,2024-09-05
1177,ETSY,55.99,56.1424,53.12,53.19,3391828.0,2024-09-06
1178,ETSY,53.24,54.79,52.3,52.35,4446952.0,2024-09-09
1179,ETSY,52.35,52.81,51.67,52.58,3538887.0,2024-09-10
1180,ETSY,52.26,52.3,50.63,51.92,3634973.0,2024-09-11
1181,ETSY,52.0,52.4,50.7,51.74,3034169.0,2024-09-12
1182,ETSY,54.28,56.7,53.78,55.65,6200061.0,2024-09-13
1183,ETSY,55.52,55.97,52.83,53.88,4448262.0,2024-09-16
